# Version 1.00
#
freq[Hz];re:Trc1_S11;im:Trc1_S11;re:Trc2_S21;im:Trc2_S21;
2.400000000000000E+009;1.551349610090256E-001;1.065247580409050E-001;3.137120511382818E-003;-5.473679862916470E-003;
2.400166666666667E+009;1.550336331129074E-001;1.041971594095230E-001;2.838303567841649E-003;-5.415888503193855E-003;
2.400333333333334E+009;1.549580097198486E-001;1.018285602331162E-001;2.888234332203865E-003;-5.725313909351826E-003;
2.400500000000000E+009;1.550191193819046E-001;9.920155256986618E-002;2.659810939803720E-003;-5.900069139897823E-003;
2.400666666666667E+009;1.549447178840637E-001;9.653612971305847E-002;2.519664587453008E-003;-5.870731547474861E-003;
2.400833333333334E+009;1.548794060945511E-001;9.344943612813950E-002;2.334872493520379E-003;-6.200457457453013E-003;
2.401000000000000E+009;1.553860604763031E-001;9.100125730037689E-002;2.127007814124227E-003;-6.223496515303850E-003;
2.401166666666667E+009;1.552583724260330E-001;8.813998103141785E-002;1.831929781474173E-003;-6.197064649313688E-003;
2.401333333333334E+009;1.556225121021271E-001;8.515158295631409E-002;1.659072586335242E-003;-6.439350079745054E-003;
2.401500000000000E+009;1.560969650745392E-001;8.227100968360901E-002;1.440669759176672E-003;-6.429899018257856E-003;
2.401666666666667E+009;1.566406488418579E-001;7.950604707002640E-002;1.328078098595142E-003;-6.646598223596811E-003;
2.401833333333334E+009;1.569889634847641E-001;7.665769010782242E-002;1.178496284410358E-003;-6.681354250758886E-003;
2.402000000000000E+009;1.580834537744522E-001;7.408040016889572E-002;8.039197418838739E-004;-6.662944797426462E-003;
2.402166666666667E+009;1.590548008680344E-001;7.138447463512421E-002;5.942864227108657E-004;-6.959218997508287E-003;
2.402333333333334E+009;1.596861183643341E-001;6.874348968267441E-002;2.585757174529135E-004;-6.842043716460466E-003;
2.402500000000000E+009;1.607708781957626E-001;6.636749953031540E-002;1.554213849885855E-005;-6.985271349549294E-003;
2.402666666666667E+009;1.620510369539261E-001;6.407769024372101E-002;-1.751081581460312E-004;-6.970575544983149E-003;
2.402833333333334E+009;1.633438020944595E-001;6.154505535960197E-002;-6.390693597495556E-004;-7.032810244709253E-003;
2.403000000000000E+009;1.647586524486542E-001;5.934176594018936E-002;-8.349603158421814E-004;-7.024873979389668E-003;
2.403166666666667E+009;1.663601547479630E-001;5.699833855032921E-002;-1.151568372733891E-003;-7.035189308226109E-003;
2.403333333333334E+009;1.678858399391174E-001;5.472264438867569E-002;-1.470345072448254E-003;-6.837254855781794E-003;
2.403500000000000E+009;1.696447879076004E-001;5.273204669356346E-002;-1.724248053506017E-003;-6.940081249922514E-003;
2.403666666666667E+009;1.712764352560043E-001;5.102506652474403E-002;-2.092526759952307E-003;-6.774441339075565E-003;
2.403833333333334E+009;1.728947013616562E-001;4.914390295743942E-002;-2.260133391246200E-003;-6.718428339809179E-003;
2.404000000000000E+009;1.745238304138184E-001;4.724853858351708E-002;-2.492715371772647E-003;-6.635499652475119E-003;
2.404166666666667E+009;1.762468814849854E-001;4.581558331847191E-002;-2.747036982327700E-003;-6.460632197558880E-003;
2.404333333333334E+009;1.778128892183304E-001;4.425669461488724E-002;-3.058945527300239E-003;-6.317099090665579E-003;
2.404500000000000E+009;1.794027388095856E-001;4.298087209463120E-002;-3.250927198678255E-003;-6.237520836293697E-003;
2.404666666666667E+009;1.811210960149765E-001;4.176448658108711E-002;-3.497313475236297E-003;-5.925086792558432E-003;
2.404833333333334E+009;1.826668828725815E-001;4.076662287116051E-002;-3.631534287706018E-003;-5.855852738022804E-003;
2.405000000000000E+009;1.839588135480881E-001;4.010369256138802E-002;-4.048738628625870E-003;-5.893409252166748E-003;
2.405166666666667E+009;1.858379542827606E-001;3.928671032190323E-002;-4.787637386471033E-003;-5.244750995188952E-003;
2.405333333333334E+009;1.874514818191528E-001;3.938074409961700E-002;-5.234119482338429E-003;-5.786756984889507E-003;
2.405500000000000E+009;1.884893923997879E-001;3.875625133514404E-002;-5.126284901052713E-003;-5.750946234911680E-003;
2.405666666666667E+009;1.891307085752487E-001;3.815569356083870E-002;-4.292625002563000E-003;-4.884270951151848E-003;
2.405833333333334E+009;1.906348913908005E-001;3.786360099911690E-002;-5.085138604044914E-003;-4.702599253505468E-003;
2.406000000000000E+009;1.917913258075714E-001;3.831684961915016E-002;-5.292586982250214E-003;-5.418463144451380E-003;
2.406166666666667E+009;1.924980729818344E-001;3.748682141304016E-002;-5.325947888195515E-003;-3.996949642896652E-003;
2.406333333333334E+009;1.934988200664520E-001;3.786100819706917E-002;-5.373842548578978E-003;-4.317376762628555E-003;
2.406500000000000E+009;1.944728195667267E-001;3.780900314450264E-002;-5.878287833184004E-003;-3.727545030415058E-003;
2.406666666666667E+009;1.948702037334442E-001;3.777545690536499E-002;-5.577557254582644E-003;-3.531820373609662E-003;
2.406833333333334E+009;1.953234523534775E-001;3.774801269173622E-002;-5.735760554671288E-003;-3.131394740194082E-003;
2.407000000000000E+009;1.956592202186585E-001;3.796740993857384E-002;-5.847662221640348E-003;-2.852161414921284E-003;
2.407166666666667E+009;1.961001455783844E-001;3.786515444517136E-002;-5.944440141320229E-003;-2.664853585883975E-003;
2.407333333333334E+009;1.959409415721893E-001;3.802773356437683E-002;-5.920972675085068E-003;-2.371574519202113E-003;
2.407500000000000E+009;1.959422975778580E-001;3.809960559010506E-002;-5.989821162074804E-003;-2.130496082827449E-003;
2.407666666666667E+009;1.959048807621002E-001;3.791951015591621E-002;-5.742633249610663E-003;-1.875662477687001E-003;
2.407833333333334E+009;1.954187303781509E-001;3.790849819779396E-002;-5.888370331376791E-003;-1.620977185666561E-003;
2.408000000000000E+009;1.954729855060577E-001;3.761757165193558E-002;-5.713792052119970E-003;-1.508394838310778E-003;
2.408166666666667E+009;1.948395073413849E-001;3.729108348488808E-002;-5.726553965359926E-003;-1.155838253907859E-003;
2.408333333333334E+009;1.943763345479965E-001;3.692874684929848E-002;-5.760587751865387E-003;-1.107887597754598E-003;
2.408500000000000E+009;1.937060356140137E-001;3.650781512260437E-002;-5.630830768495798E-003;-8.909062016755343E-004;
2.408666666666667E+009;1.930272579193115E-001;3.596201166510582E-002;-5.589650012552738E-003;-8.024515118449926E-004;
2.408833333333334E+009;1.922395825386047E-001;3.522829338908196E-002;-5.416993983089924E-003;-5.531086935661733E-004;
2.409000000000000E+009;1.913610249757767E-001;3.422512486577034E-002;-5.360469687730074E-003;-3.353011561557651E-004;
2.409166666666667E+009;1.903106719255447E-001;3.330301493406296E-002;-5.383528769016266E-003;-2.618331054691225E-004;
2.409333333333334E+009;1.893657743930817E-001;3.223650157451630E-002;-5.086754914373159E-003;-1.566978608025238E-004;
2.409500000000000E+009;1.883461624383926E-001;3.113774210214615E-002;-5.016474053263664E-003;-1.758772996254265E-004;
2.409666666666667E+009;1.873708367347717E-001;2.943296544253826E-002;-4.904228728264570E-003;3.983506758231670E-005;
2.409833333333334E+009;1.863719671964645E-001;2.799942530691624E-002;-4.793942905962467E-003;1.343750045634806E-004;
2.410000000000000E+009;1.853738129138947E-001;2.644103206694126E-002;-4.754720255732536E-003;1.425780792487785E-004;
2.410166666666667E+009;1.844866126775742E-001;2.466736733913422E-002;-4.684370942413807E-003;1.834262948250398E-004;
2.410333333333334E+009;1.834341883659363E-001;2.287317626178265E-002;-4.527888260781765E-003;2.983262820634991E-004;
2.410500000000000E+009;1.824132353067398E-001;2.087216638028622E-002;-4.509531892836094E-003;2.985220635309815E-004;
2.410666666666667E+009;1.815721988677979E-001;1.855053566396236E-002;-4.535042215138674E-003;3.352012136019766E-004;
2.410833333333334E+009;1.810635328292847E-001;1.640117354691029E-002;-4.425348713994026E-003;3.669134457595646E-004;
2.411000000000000E+009;1.801460832357407E-001;1.431350316852331E-002;-4.487059544771910E-003;4.397692682687193E-004;
2.411166666666667E+009;1.795773804187775E-001;1.205771416425705E-002;-4.278438631445169E-003;4.375691642053425E-004;
2.411333333333334E+009;1.790751069784164E-001;9.588356129825115E-003;-4.220694303512573E-003;6.295211496762931E-004;
2.411500000000000E+009;1.785991042852402E-001;7.319015916436911E-003;-4.404324106872082E-003;6.586983799934387E-004;
2.411666666666667E+009;1.785585582256317E-001;4.861804191023111E-003;-4.271343816071749E-003;6.410844507627189E-004;
2.411833333333334E+009;1.781439185142517E-001;2.536894986405969E-003;-4.168871324509382E-003;7.139506051316857E-004;
2.412000000000000E+009;1.784243583679199E-001;-1.433878933312371E-004;-4.189945757389069E-003;8.002377580851317E-004;
2.412166666666667E+009;1.784850060939789E-001;-2.322563435882330E-003;-4.069132264703512E-003;7.249027257785201E-004;
2.412333333333334E+009;1.787548959255219E-001;-4.864863120019436E-003;-4.122260957956314E-003;9.171788115054369E-004;
2.412500000000000E+009;1.790925413370132E-001;-7.205612026154995E-003;-4.175734240561724E-003;8.855712949298322E-004;
2.412666666666667E+009;1.795666962862015E-001;-9.783041663467884E-003;-4.181038588285446E-003;7.969800499267876E-004;
2.412833333333334E+009;1.802219301462174E-001;-1.209691725671291E-002;-4.439261276274920E-003;7.678526453673840E-004;
2.413000000000000E+009;1.810452640056610E-001;-1.458784937858582E-002;-4.295059945434332E-003;1.038023736327887E-003;
2.413166666666667E+009;1.817429214715958E-001;-1.660502515733242E-002;-4.511010367423296E-003;1.029795035719872E-003;
2.413333333333334E+009;1.829043477773666E-001;-1.914981938898563E-002;-4.437873139977455E-003;1.274175592698157E-003;
2.413500000000000E+009;1.834584474563599E-001;-2.129894867539406E-002;-4.497995600104332E-003;1.377265900373459E-003;
2.413666666666667E+009;1.848230808973312E-001;-2.337791584432125E-002;-4.536485299468041E-003;1.460063504055142E-003;
2.413833333333334E+009;1.859150975942612E-001;-2.546952664852142E-002;-4.714302252978087E-003;1.744993729516864E-003;
2.414000000000000E+009;1.870145946741104E-001;-2.731559053063393E-002;-4.595301114022732E-003;1.843779231421650E-003;
2.414166666666667E+009;1.884338408708572E-001;-2.914018929004669E-002;-4.542036447674036E-003;2.151654101908207E-003;
2.414333333333334E+009;1.893886774778366E-001;-3.110022656619549E-002;-4.586129449307919E-003;2.038639970123768E-003;
2.414500000000000E+009;1.906727999448776E-001;-3.240419924259186E-002;-4.548018798232079E-003;2.477525500580668E-003;
2.414666666666667E+009;1.917071342468262E-001;-3.403876721858978E-002;-4.520504735410214E-003;2.488255035132170E-003;
2.414833333333334E+009;1.928860098123550E-001;-3.527205809950829E-002;-4.313368815928698E-003;2.624200657010078E-003;
2.415000000000000E+009;1.940365135669708E-001;-3.651701658964157E-002;-4.221613984555006E-003;2.886752365157008E-003;
2.415166666666667E+009;1.953300088644028E-001;-3.772278875112534E-002;-4.137158393859863E-003;3.007083432748914E-003;
2.415333333333334E+009;1.964295953512192E-001;-3.851717710494995E-002;-4.120323341339827E-003;2.925251610577107E-003;
2.415500000000000E+009;1.975070238113403E-001;-3.925388306379318E-002;-3.954537212848663E-003;3.177833277732134E-003;
2.415666666666667E+009;1.984193623065949E-001;-4.007977619767189E-002;-4.022802226245403E-003;3.146447241306305E-003;
2.415833333333334E+009;1.992955356836319E-001;-4.063046723604202E-002;-3.980497363954783E-003;3.439083928242326E-003;
2.416000000000000E+009;2.001466453075409E-001;-4.114349931478500E-002;-4.009139258414507E-003;3.432987025007606E-003;
2.416166666666667E+009;2.007904499769211E-001;-4.163964837789536E-002;-3.982960246503353E-003;3.825612831860781E-003;
2.416333333333334E+009;2.014318555593491E-001;-4.192857816815376E-002;-3.791953204199672E-003;3.818148281425238E-003;
2.416500000000000E+009;2.019125670194626E-001;-4.219098389148712E-002;-3.844480728730559E-003;4.140308592468500E-003;
2.416666666666667E+009;2.021398395299912E-001;-4.243743419647217E-002;-3.730685450136662E-003;4.279346670955420E-003;
2.416833333333334E+009;2.023742347955704E-001;-4.247178882360458E-002;-3.401110880076885E-003;4.434074275195599E-003;
2.417000000000000E+009;2.024394869804382E-001;-4.259173199534416E-002;-3.433081321418285E-003;4.537221509963274E-003;
2.417166666666667E+009;2.021752595901489E-001;-4.254839196801186E-002;-3.276176750659943E-003;4.893937613815069E-003;
2.417333333333334E+009;2.020264118909836E-001;-4.232012853026390E-002;-3.019536612555385E-003;4.820845555514097E-003;
2.417500000000000E+009;2.017257511615753E-001;-4.238716885447502E-002;-2.949356799945235E-003;5.276045762002468E-003;
2.417666666666667E+009;2.012425512075424E-001;-4.220429807901382E-002;-2.736288588494062E-003;5.041346885263920E-003;
2.417833333333334E+009;2.006400227546692E-001;-4.195164889097214E-002;-2.314783632755280E-003;5.274557508528233E-003;
2.418000000000000E+009;2.001787722110748E-001;-4.176016896963120E-002;-2.293764613568783E-003;5.428672302514315E-003;
2.418166666666667E+009;1.993440985679627E-001;-4.163924604654312E-002;-1.957872649654746E-003;5.392137449234724E-003;
2.418333333333334E+009;1.984491348266602E-001;-4.151301085948944E-002;-1.880626543425024E-003;5.423839669674635E-003;
2.418500000000000E+009;1.974649429321289E-001;-4.155404865741730E-002;-1.631140592508018E-003;5.702854134142399E-003;
2.418666666666667E+009;1.965121626853943E-001;-4.145534709095955E-002;-1.431409735232592E-003;5.323351360857487E-003;
2.418833333333334E+009;1.951373368501663E-001;-4.167160019278526E-002;-1.245796214789152E-003;5.555653944611549E-003;
2.419000000000000E+009;1.939763873815537E-001;-4.174496605992317E-002;-1.021033502183855E-003;5.549059249460697E-003;
2.419166666666667E+009;1.926597654819489E-001;-4.227448627352715E-002;-8.918514358811081E-004;5.649743136018515E-003;
2.419333333333334E+009;1.912101805210114E-001;-4.279184341430664E-002;-7.138848886825144E-004;5.587478633970022E-003;
2.419500000000000E+009;1.897638291120529E-001;-4.308528080582619E-002;-2.972027286887169E-004;5.484011489897966E-003;
2.419666666666667E+009;1.883078962564468E-001;-4.403407499194145E-002;-2.994720707647502E-004;5.513222422450781E-003;
2.419833333333334E+009;1.866545379161835E-001;-4.461221396923065E-002;-9.061286982614547E-005;5.502614658325911E-003;
2.420000000000000E+009;1.850529611110687E-001;-4.560739919543266E-002;9.221611253451556E-005;5.446230061352253E-003;
2.420166666666667E+009;1.834115684032440E-001;-4.646459221839905E-002;3.720246604643762E-004;5.462936591356993E-003;
2.420333333333334E+009;1.818492859601975E-001;-4.776863008737564E-002;4.696045070886612E-004;5.507424008101225E-003;
2.420500000000000E+009;1.803149282932282E-001;-4.908301308751106E-002;6.358554237522185E-004;5.322063341736794E-003;
2.420666666666667E+009;1.787857115268707E-001;-5.001489073038101E-002;7.996812346391380E-004;5.281634163111448E-003;
2.420833333333334E+009;1.770008355379105E-001;-5.170758441090584E-002;8.519340190105140E-004;5.312762688845396E-003;
2.421000000000000E+009;1.757685095071793E-001;-5.316103249788284E-002;9.742844849824905E-004;5.082650575786829E-003;
2.421166666666667E+009;1.742661744356155E-001;-5.489481985569000E-002;1.226203748956323E-003;5.100969225168228E-003;
2.421333333333334E+009;1.726563423871994E-001;-5.646841228008270E-002;1.146935857832432E-003;4.904885310679674E-003;
2.421500000000000E+009;1.712544858455658E-001;-5.847075954079628E-002;1.470361487008631E-003;4.829819779843092E-003;
2.421666666666667E+009;1.701713949441910E-001;-6.026788800954819E-002;1.521246740594506E-003;4.738790914416313E-003;
2.421833333333334E+009;1.690378785133362E-001;-6.206049397587776E-002;1.548286876641214E-003;4.678986500948668E-003;
2.422000000000000E+009;1.681206226348877E-001;-6.399740278720856E-002;1.913510262966156E-003;4.701957572251558E-003;
2.422166666666667E+009;1.671913564205170E-001;-6.618617475032806E-002;2.028971211984754E-003;4.691273439675570E-003;
2.422333333333334E+009;1.661999821662903E-001;-6.814744323492050E-002;2.082050777971745E-003;4.371343646198511E-003;
2.422500000000000E+009;1.654855161905289E-001;-7.017573714256287E-002;2.166630234569311E-003;4.512691870331764E-003;
2.422666666666667E+009;1.646418273448944E-001;-7.211232185363770E-002;2.322017215192318E-003;4.395083989948034E-003;
2.422833333333334E+009;1.642988175153732E-001;-7.425797730684280E-002;2.187544479966164E-003;4.294927697628737E-003;
2.423000000000000E+009;1.638171374797821E-001;-7.634485512971878E-002;2.470734529197216E-003;4.113983828574419E-003;
2.423166666666667E+009;1.634914129972458E-001;-7.824823260307312E-002;2.612488344311714E-003;4.038622602820396E-003;
2.423333333333334E+009;1.632198393344879E-001;-8.029447495937347E-002;2.669457811862230E-003;4.020150750875473E-003;
2.423500000000000E+009;1.630835533142090E-001;-8.196862787008286E-002;2.664159983396530E-003;3.964263014495373E-003;
2.423666666666667E+009;1.632098108530045E-001;-8.404050022363663E-002;2.757486654445529E-003;3.800643607974052E-003;
2.423833333333334E+009;1.630495637655258E-001;-8.584694564342499E-002;2.955393865704536E-003;3.775611054152250E-003;
2.424000000000000E+009;1.632008403539658E-001;-8.753214776515961E-002;3.106621792539954E-003;3.650836879387498E-003;
2.424166666666667E+009;1.632511764764786E-001;-8.906011283397675E-002;3.153170226141810E-003;3.684525610879064E-003;
2.424333333333334E+009;1.636694371700287E-001;-9.054446965456009E-002;3.279055468738079E-003;3.706927876919508E-003;
2.424500000000000E+009;1.638380885124207E-001;-9.239261597394943E-002;3.246799111366272E-003;3.369078738614917E-003;
2.424666666666667E+009;1.640623658895493E-001;-9.363193064928055E-002;3.349331207573414E-003;3.235830692574382E-003;
2.424833333333334E+009;1.646344661712647E-001;-9.494508802890778E-002;3.495301119983196E-003;3.081416478380561E-003;
2.425000000000000E+009;1.650369465351105E-001;-9.607065469026566E-002;3.597527975216508E-003;2.920187544077635E-003;
2.425166666666667E+009;1.653096824884415E-001;-9.718181937932968E-002;3.756887745112181E-003;2.842163667082787E-003;
2.425333333333334E+009;1.656241416931152E-001;-9.805174171924591E-002;3.690524492412806E-003;2.780721057206392E-003;
2.425500000000000E+009;1.661040931940079E-001;-9.903322905302048E-002;3.739533014595509E-003;2.579928841441870E-003;
2.425666666666667E+009;1.664321571588516E-001;-9.973450750112534E-002;3.845535917207599E-003;2.562458161264658E-003;
2.425833333333334E+009;1.667614132165909E-001;-1.006215810775757E-001;3.692036727443337E-003;2.331914147362113E-003;
2.426000000000000E+009;1.671240776777268E-001;-1.009970158338547E-001;3.759962273761630E-003;2.180005889385939E-003;
2.426166666666667E+009;1.674583256244659E-001;-1.014755740761757E-001;3.754379227757454E-003;2.020292915403843E-003;
2.426333333333334E+009;1.675710976123810E-001;-1.019782051444054E-001;3.714520717039704E-003;1.999027328565717E-003;
2.426500000000000E+009;1.680248230695725E-001;-1.022250726819038E-001;3.804481821134687E-003;1.850001397542656E-003;
2.426666666666667E+009;1.682278364896774E-001;-1.026261076331139E-001;3.779250197112560E-003;1.716108061373234E-003;
2.426833333333334E+009;1.683951616287231E-001;-1.029581204056740E-001;3.674201201647520E-003;1.540530472993851E-003;
2.427000000000000E+009;1.684764623641968E-001;-1.031504943966866E-001;3.887778380885720E-003;1.630505081266165E-003;
2.427166666666667E+009;1.683800816535950E-001;-1.030892208218575E-001;3.591642947867513E-003;1.383681665174663E-003;
2.427333333333334E+009;1.682926416397095E-001;-1.034021526575089E-001;3.778338665142655E-003;1.413603429682553E-003;
2.427500000000000E+009;1.680344194173813E-001;-1.035584136843681E-001;3.710068762302399E-003;1.092495745979250E-003;
2.427666666666667E+009;1.676565557718277E-001;-1.037284210324287E-001;3.796318545937538E-003;1.204605796374381E-003;
2.427833333333334E+009;1.672167927026749E-001;-1.038427650928497E-001;3.744733752682805E-003;1.132104778662324E-003;
2.428000000000000E+009;1.666827797889710E-001;-1.040080860257149E-001;3.746171481907368E-003;8.621824090369046E-004;
2.428166666666667E+009;1.662087440490723E-001;-1.041665002703667E-001;3.723675152286887E-003;9.241164661943913E-004;
2.428333333333334E+009;1.654923558235169E-001;-1.044936031103134E-001;3.649521619081497E-003;8.678364101797342E-004;
2.428500000000000E+009;1.646453738212585E-001;-1.045536026358604E-001;3.712699981406331E-003;8.039992535486817E-004;
2.428666666666667E+009;1.637706458568573E-001;-1.049133390188217E-001;3.569728229194880E-003;7.658058311790228E-004;
2.428833333333334E+009;1.628922224044800E-001;-1.053383573889732E-001;3.580038668587804E-003;4.734918475151062E-004;
2.429000000000000E+009;1.617916226387024E-001;-1.059053093194962E-001;3.579366486519575E-003;5.837880307808518E-004;
2.429166666666667E+009;1.604426056146622E-001;-1.065040528774262E-001;3.616912523284555E-003;6.033792160451412E-004;
2.429333333333334E+009;1.589743196964264E-001;-1.069051474332809E-001;3.613992594182491E-003;5.490489420481026E-004;
2.429500000000000E+009;1.577568799257278E-001;-1.076306924223900E-001;3.549483371898532E-003;6.071884999983013E-004;
2.429666666666667E+009;1.562075763940811E-001;-1.083529144525528E-001;3.521936712786555E-003;4.327527421992272E-004;
2.429833333333334E+009;1.546692848205566E-001;-1.091742888092995E-001;3.693489124998450E-003;4.879989428445697E-004;
2.430000000000000E+009;1.530654728412628E-001;-1.099258214235306E-001;3.627794561907649E-003;3.393944934941828E-004;
2.430166666666667E+009;1.514086574316025E-001;-1.107807010412216E-001;3.613988403230906E-003;3.304650017526001E-004;
2.430333333333334E+009;1.495818346738815E-001;-1.115536391735077E-001;3.648827550932765E-003;3.111853147856891E-004;
2.430500000000000E+009;1.478761136531830E-001;-1.124498024582863E-001;3.610299900174141E-003;4.145728889852762E-004;
2.430666666666667E+009;1.464356333017349E-001;-1.134347021579742E-001;3.803294384852052E-003;3.350504848640412E-004;
2.430833333333334E+009;1.447542011737824E-001;-1.142640486359596E-001;3.725756658241153E-003;3.960492031183094E-004;
2.431000000000000E+009;1.431777775287628E-001;-1.154035106301308E-001;3.738746512681246E-003;4.163316334597766E-004;
2.431166666666667E+009;1.413810849189758E-001;-1.165549308061600E-001;3.743668552488089E-003;2.913180505856872E-004;
2.431333333333334E+009;1.401895582675934E-001;-1.176465898752213E-001;3.719454631209374E-003;2.721519558690488E-004;
2.431500000000000E+009;1.390436589717865E-001;-1.190144047141075E-001;4.003948532044888E-003;2.133770321961492E-004;
2.431666666666667E+009;1.376438289880753E-001;-1.202389448881149E-001;4.076732322573662E-003;1.231073838425800E-004;
2.431833333333334E+009;1.364327967166901E-001;-1.211639493703842E-001;4.018483217805624E-003;2.477461239323020E-004;
2.432000000000000E+009;1.353966593742371E-001;-1.226345151662827E-001;4.166037309914827E-003;2.678461314644665E-004;
2.432166666666667E+009;1.346821486949921E-001;-1.239144280552864E-001;4.428266547620297E-003;-1.051767976605333E-004;
2.432333333333334E+009;1.336936056613922E-001;-1.252551078796387E-001;4.453067202121019E-003;-1.896207540994510E-004;
2.432500000000000E+009;1.330732852220535E-001;-1.266063898801804E-001;4.479100927710533E-003;-1.871987478807569E-004;
2.432666666666667E+009;1.323721706867218E-001;-1.281021684408188E-001;4.678276367485523E-003;-4.888543626293540E-004;
2.432833333333334E+009;1.318418383598328E-001;-1.294268518686295E-001;4.822988528758287E-003;-6.228847196325660E-004;
2.433000000000000E+009;1.314424574375153E-001;-1.307202726602554E-001;4.975003655999899E-003;-7.895665476098657E-004;
2.433166666666667E+009;1.309634447097778E-001;-1.323678046464920E-001;4.931151401251555E-003;-1.072066021151841E-003;
2.433333333333334E+009;1.307995170354843E-001;-1.337032765150070E-001;5.030821077525616E-003;-1.236824202351272E-003;
2.433500000000000E+009;1.304592788219452E-001;-1.351126581430435E-001;5.079600494354963E-003;-1.554238144308329E-003;
2.433666666666667E+009;1.303064376115799E-001;-1.363143920898438E-001;5.057830829173327E-003;-1.754445722326636E-003;
2.433833333333334E+009;1.300349235534668E-001;-1.376083046197891E-001;4.931864794343710E-003;-1.860553980804980E-003;
2.434000000000000E+009;1.301480531692505E-001;-1.388470530509949E-001;4.952413029968739E-003;-2.185114426538348E-003;
2.434166666666667E+009;1.300122290849686E-001;-1.397007852792740E-001;4.965637810528278E-003;-2.529546385630965E-003;
2.434333333333334E+009;1.299320757389069E-001;-1.407455354928970E-001;4.771696403622627E-003;-2.682141028344631E-003;
2.434500000000000E+009;1.300060600042343E-001;-1.415528357028961E-001;4.564123228192329E-003;-2.910285489633679E-003;
2.434666666666667E+009;1.302575170993805E-001;-1.423068195581436E-001;4.569172393530607E-003;-3.202290274202824E-003;
2.434833333333334E+009;1.304256021976471E-001;-1.429384052753449E-001;4.368815571069717E-003;-3.163883695378900E-003;
2.435000000000000E+009;1.306868940591812E-001;-1.433418542146683E-001;4.188886843621731E-003;-3.433189354836941E-003;
2.435166666666667E+009;1.309327334165573E-001;-1.437826007604599E-001;4.162827041000128E-003;-3.677012166008353E-003;
2.435333333333334E+009;1.312789469957352E-001;-1.441514194011688E-001;3.970186691731215E-003;-3.755695419386029E-003;
2.435500000000000E+009;1.315914243459702E-001;-1.444485187530518E-001;3.882704302668572E-003;-3.701235633343458E-003;
2.435666666666667E+009;1.319257616996765E-001;-1.446497738361359E-001;3.707705531269312E-003;-3.987635020166636E-003;
2.435833333333334E+009;1.320650130510330E-001;-1.447623670101166E-001;3.522224724292755E-003;-4.162948112934828E-003;
2.436000000000000E+009;1.323450207710266E-001;-1.449036896228790E-001;3.492611227557063E-003;-4.285416100174189E-003;
2.436166666666667E+009;1.324612349271774E-001;-1.448416709899902E-001;3.374974941834807E-003;-4.333765711635351E-003;
2.436333333333334E+009;1.325754970312119E-001;-1.448278427124023E-001;2.992962719872594E-003;-4.591833800077438E-003;
2.436500000000000E+009;1.325644701719284E-001;-1.445497125387192E-001;2.875883830711246E-003;-4.816378466784954E-003;
2.436666666666667E+009;1.325115114450455E-001;-1.441713422536850E-001;2.725822152569890E-003;-4.789137281477451E-003;
2.436833333333334E+009;1.322238892316818E-001;-1.440073400735855E-001;2.547783078625798E-003;-4.890834446996450E-003;
2.437000000000000E+009;1.322235167026520E-001;-1.436458230018616E-001;2.314776415005326E-003;-5.075483117252588E-003;
2.437166666666667E+009;1.317231804132462E-001;-1.430948078632355E-001;2.000757027417421E-003;-5.085808690637350E-003;
2.437333333333334E+009;1.314019262790680E-001;-1.427227705717087E-001;1.724790548905730E-003;-5.083210766315460E-003;
2.437500000000000E+009;1.309143900871277E-001;-1.420210450887680E-001;1.616834197193384E-003;-5.229791626334190E-003;
2.437666666666667E+009;1.303616613149643E-001;-1.415694952011108E-001;1.342070172540844E-003;-5.126736592501402E-003;
2.437833333333334E+009;1.296544820070267E-001;-1.409722566604614E-001;1.127382856793702E-003;-5.150248762220144E-003;
2.438000000000000E+009;1.289976537227631E-001;-1.403325647115707E-001;8.443103288300335E-004;-5.089568439871073E-003;
2.438166666666667E+009;1.281868815422058E-001;-1.396519392728806E-001;6.833675433881581E-004;-5.109614692628384E-003;
2.438333333333334E+009;1.271482855081558E-001;-1.390776783227921E-001;4.512386221904308E-004;-4.984787199646235E-003;
2.438500000000000E+009;1.262493580579758E-001;-1.385017931461334E-001;3.391561622265726E-004;-4.903807304799557E-003;
2.438666666666667E+009;1.248596012592316E-001;-1.380292922258377E-001;2.151849475922063E-004;-4.827150143682957E-003;
2.438833333333334E+009;1.239074915647507E-001;-1.375839412212372E-001;1.220927606482292E-005;-4.702173173427582E-003;
2.439000000000000E+009;1.226381585001946E-001;-1.372187435626984E-001;-1.249547640327364E-004;-4.710564855486155E-003;
2.439166666666667E+009;1.213027089834213E-001;-1.367012113332748E-001;-2.557672560214996E-004;-4.465634934604168E-003;
2.439333333333334E+009;1.198942884802818E-001;-1.366951912641525E-001;-3.638260241132230E-004;-4.386369604617357E-003;
2.439500000000000E+009;1.186028495430946E-001;-1.365567892789841E-001;-4.109305154997855E-004;-4.226574208587408E-003;
2.439666666666667E+009;1.169694587588310E-001;-1.364300698041916E-001;-5.445663700811565E-004;-4.265765193849802E-003;
2.439833333333334E+009;1.154622510075569E-001;-1.365171372890472E-001;-5.144978640601039E-004;-4.106311593204737E-003;
2.440000000000000E+009;1.140257865190506E-001;-1.366711854934692E-001;-6.814813241362572E-004;-4.177677910774946E-003;
2.440166666666667E+009;1.122378930449486E-001;-1.370279341936112E-001;-7.076313486322761E-004;-4.054549615830183E-003;
2.440333333333334E+009;1.110302284359932E-001;-1.372146010398865E-001;-6.346771842800081E-004;-4.020862746983767E-003;
2.440500000000000E+009;1.090245917439461E-001;-1.378137171268463E-001;-8.443391416221857E-004;-3.926341421902180E-003;
2.440666666666667E+009;1.075653955340385E-001;-1.383783072233200E-001;-7.173022604547441E-004;-3.990534693002701E-003;
2.440833333333334E+009;1.058855354785919E-001;-1.389895528554916E-001;-8.949662442319095E-004;-3.821442136541009E-003;
2.441000000000000E+009;1.044998168945313E-001;-1.399156600236893E-001;-9.118401794694364E-004;-3.716523526236415E-003;
2.441166666666667E+009;1.027465462684631E-001;-1.410029083490372E-001;-9.796707890927792E-004;-3.741969121620059E-003;
2.441333333333334E+009;1.012036055326462E-001;-1.418022960424423E-001;-1.132973819039762E-003;-3.624268108978868E-003;
2.441500000000000E+009;9.966292232275009E-002;-1.430599689483643E-001;-9.721164824441075E-004;-3.694467712193728E-003;
2.441666666666667E+009;9.824866056442261E-002;-1.441906243562698E-001;-1.045619021169841E-003;-3.524504601955414E-003;
2.441833333333334E+009;9.686540067195892E-002;-1.454762667417526E-001;-1.112962956540287E-003;-3.486794419586659E-003;
2.442000000000000E+009;9.544735401868820E-002;-1.467654556035996E-001;-9.377319365739822E-004;-3.358541755005717E-003;
2.442166666666667E+009;9.427712857723236E-002;-1.479469239711762E-001;-1.121229142881930E-003;-3.489001654088497E-003;
2.442333333333334E+009;9.301257878541946E-002;-1.494358032941818E-001;-1.030526706017554E-003;-3.508530557155609E-003;
2.442500000000000E+009;9.192051738500595E-002;-1.507113426923752E-001;-1.020561438053846E-003;-3.466827794909477E-003;
2.442666666666667E+009;9.088193625211716E-002;-1.522570401430130E-001;-1.097298227250576E-003;-3.545117098838091E-003;
2.442833333333334E+009;8.980409055948257E-002;-1.536424756050110E-001;-9.722180548124015E-004;-3.554649883881211E-003;
2.443000000000000E+009;8.910522609949112E-002;-1.551572084426880E-001;-1.080156420357525E-003;-3.493266180157661E-003;
2.443166666666667E+009;8.810686320066452E-002;-1.567654460668564E-001;-1.076709013432264E-003;-3.676533233374357E-003;
2.443333333333334E+009;8.762019127607346E-002;-1.579610258340836E-001;-1.149645657278597E-003;-3.682358888909221E-003;
2.443500000000000E+009;8.683682978153229E-002;-1.594828963279724E-001;-1.266330364160240E-003;-3.768203780055046E-003;
2.443666666666667E+009;8.641047030687332E-002;-1.607563644647598E-001;-1.370714511722326E-003;-3.822505008429289E-003;
2.443833333333334E+009;8.585786074399948E-002;-1.621650457382202E-001;-1.527373795397580E-003;-3.969373181462288E-003;
2.444000000000000E+009;8.543540537357330E-002;-1.632886528968811E-001;-1.693550031632185E-003;-3.996279556304216E-003;
2.444166666666667E+009;8.520397543907166E-002;-1.644311249256134E-001;-1.849072403274477E-003;-4.123254679143429E-003;
2.444333333333334E+009;8.489376306533814E-002;-1.655088216066361E-001;-2.031011041253805E-003;-4.095397889614105E-003;
2.444500000000000E+009;8.461738377809525E-002;-1.662814915180206E-001;-2.073992509394884E-003;-4.106053151190281E-003;
2.444666666666667E+009;8.449941128492355E-002;-1.672414839267731E-001;-2.330067800357938E-003;-4.076858982443810E-003;
2.444833333333334E+009;8.437469601631165E-002;-1.679501086473465E-001;-2.492219442501664E-003;-3.853451460599899E-003;
2.445000000000000E+009;8.415103703737259E-002;-1.684580892324448E-001;-2.525951247662306E-003;-3.917000722140074E-003;
2.445166666666667E+009;8.432982116937637E-002;-1.692679375410080E-001;-2.814681734889746E-003;-3.719722852110863E-003;
2.445333333333334E+009;8.432488143444061E-002;-1.695392131805420E-001;-2.977447817102075E-003;-3.654042491689324E-003;
2.445500000000000E+009;8.437625318765640E-002;-1.700546592473984E-001;-2.908685710281134E-003;-3.489612834528089E-003;
2.445666666666667E+009;8.438787609338760E-002;-1.702297180891037E-001;-3.182107815518975E-003;-3.475557314231992E-003;
2.445833333333334E+009;8.459247648715973E-002;-1.704909205436707E-001;-3.083737799897790E-003;-3.283643163740635E-003;
2.446000000000000E+009;8.468177914619446E-002;-1.706470251083374E-001;-3.434766083955765E-003;-3.299371106550098E-003;
2.446166666666667E+009;8.477127552032471E-002;-1.705308258533478E-001;-3.352855797857046E-003;-3.339605871587992E-003;
2.446333333333334E+009;8.465773612260819E-002;-1.703651696443558E-001;-3.491563722491264E-003;-3.353610634803772E-003;
2.446500000000000E+009;8.469006419181824E-002;-1.703829616308212E-001;-3.649920690804720E-003;-3.334249369800091E-003;
2.446666666666667E+009;8.443437516689301E-002;-1.700217574834824E-001;-3.776170313358307E-003;-3.090174170210958E-003;
2.446833333333334E+009;8.418359607458115E-002;-1.697275489568710E-001;-3.947310149669647E-003;-3.040582174435258E-003;
2.447000000000000E+009;8.401790261268616E-002;-1.693236678838730E-001;-4.054654389619827E-003;-2.912482013925910E-003;
2.447166666666667E+009;8.380572497844696E-002;-1.688697040081024E-001;-4.219134803861380E-003;-2.913555596023798E-003;
2.447333333333334E+009;8.328542858362198E-002;-1.683662980794907E-001;-4.358995705842972E-003;-2.865351503714919E-003;
2.447500000000000E+009;8.280108869075775E-002;-1.679388135671616E-001;-4.403328523039818E-003;-2.737613860517740E-003;
2.447666666666667E+009;8.233779668807983E-002;-1.672096401453018E-001;-4.599526524543762E-003;-2.621805993840098E-003;
2.447833333333334E+009;8.182313293218613E-002;-1.666076481342316E-001;-4.745391663163900E-003;-2.504205796867609E-003;
2.448000000000000E+009;8.118976652622223E-002;-1.661094874143601E-001;-4.815854597836733E-003;-2.301140222698450E-003;
2.448166666666667E+009;8.015193790197372E-002;-1.655826121568680E-001;-5.114680156111717E-003;-1.957989763468504E-003;
2.448333333333334E+009;7.956980913877487E-002;-1.651085764169693E-001;-5.215781275182962E-003;-1.855596434324980E-003;
2.448500000000000E+009;7.842644304037094E-002;-1.646293848752976E-001;-5.199918523430824E-003;-1.628614380024374E-003;
2.448666666666667E+009;7.736994326114655E-002;-1.640780568122864E-001;-5.280883051455021E-003;-1.364464056678116E-003;
2.448833333333334E+009;7.615514844655991E-002;-1.637236326932907E-001;-5.412437487393618E-003;-1.306467573158443E-003;
2.449000000000000E+009;7.468524575233460E-002;-1.634127348661423E-001;-5.370160099118948E-003;-1.157314633019269E-003;
2.449166666666667E+009;7.329051941633225E-002;-1.631263941526413E-001;-5.311090033501387E-003;-8.137442637234926E-004;
2.449333333333334E+009;7.171374559402466E-002;-1.628721952438355E-001;-5.356115754693747E-003;-5.268431268632412E-004;
2.449500000000000E+009;7.007589936256409E-002;-1.626404821872711E-001;-5.483059212565422E-003;-4.424036014825106E-004;
2.449666666666667E+009;6.845897436141968E-002;-1.624669581651688E-001;-5.264414474368095E-003;-3.808774927165359E-004;
2.449833333333334E+009;6.660722941160202E-002;-1.623271107673645E-001;-5.301634315401316E-003;-1.077287088264711E-004;
2.450000000000000E+009;6.477011740207672E-002;-1.623753458261490E-001;-5.252844188362360E-003;-1.254204835277051E-004;
2.450166666666667E+009;6.286916881799698E-002;-1.622913181781769E-001;-5.186365917325020E-003;7.558617653558031E-005;
2.450333333333334E+009;6.098043546080589E-002;-1.624287068843842E-001;-5.369179882109165E-003;9.480925655225292E-005;
2.450500000000000E+009;5.922266840934753E-002;-1.627351194620132E-001;-5.363433621823788E-003;4.325296031311154E-004;
2.450666666666667E+009;5.727708712220192E-002;-1.629367619752884E-001;-5.251163616776466E-003;2.588158822618425E-004;
2.450833333333334E+009;5.560244992375374E-002;-1.633766889572144E-001;-5.149117205291987E-003;5.089229089207947E-004;
2.451000000000000E+009;5.354729667305946E-002;-1.638054102659226E-001;-5.298167932778597E-003;4.584400448948145E-004;
2.451166666666667E+009;5.205604061484337E-002;-1.645085066556931E-001;-5.107479169964790E-003;7.192766643129289E-004;
2.451333333333334E+009;5.026219412684441E-002;-1.651243120431900E-001;-5.136804189532995E-003;7.740411092527211E-004;
2.451500000000000E+009;4.894985258579254E-002;-1.659601032733917E-001;-5.200334358960390E-003;9.845189051702619E-004;
2.451666666666667E+009;4.711651429533958E-002;-1.667275279760361E-001;-5.342858377844095E-003;1.227952307090163E-003;
2.451833333333334E+009;4.563372209668160E-002;-1.679111272096634E-001;-5.246273707598448E-003;1.349761383607984E-003;
2.452000000000000E+009;4.426807910203934E-002;-1.686598509550095E-001;-5.266685038805008E-003;1.300478470511735E-003;
2.452166666666667E+009;4.312122240662575E-002;-1.699981838464737E-001;-5.323505960404873E-003;1.560085918754339E-003;
2.452333333333334E+009;4.210512340068817E-002;-1.711146533489227E-001;-5.304209422320128E-003;1.882274984382093E-003;
2.452500000000000E+009;4.078733175992966E-002;-1.724287718534470E-001;-5.351658444851637E-003;2.016537822782993E-003;
2.452666666666667E+009;3.984206542372704E-002;-1.736707091331482E-001;-5.183955188840628E-003;2.172712702304125E-003;
2.452833333333334E+009;3.881875798106194E-002;-1.750122904777527E-001;-5.111658014357090E-003;2.365468069911003E-003;
2.453000000000000E+009;3.804904595017433E-002;-1.763101369142532E-001;-5.083807278424501E-003;2.547616837546229E-003;
2.453166666666667E+009;3.739340230822563E-002;-1.776410341262817E-001;-4.926629830151796E-003;2.669872483238578E-003;
2.453333333333334E+009;3.699416667222977E-002;-1.790730059146881E-001;-4.907354712486267E-003;2.816419117152691E-003;
2.453500000000000E+009;3.638706728816032E-002;-1.805082559585571E-001;-4.917538724839687E-003;3.109419951215386E-003;
2.453666666666667E+009;3.614339604973793E-002;-1.817518770694733E-001;-4.712027497589588E-003;3.232796443626285E-003;
2.453833333333334E+009;3.568490967154503E-002;-1.829543709754944E-001;-4.520024638622999E-003;3.345008939504623E-003;
2.454000000000000E+009;3.551780432462692E-002;-1.841991841793060E-001;-4.502167459577322E-003;3.580686636269093E-003;
2.454166666666667E+009;3.538611903786659E-002;-1.853763461112976E-001;-4.382406827062368E-003;3.607741557061672E-003;
2.454333333333334E+009;3.535211458802223E-002;-1.865714937448502E-001;-4.268979653716087E-003;3.923210781067610E-003;
2.454500000000000E+009;3.554540127515793E-002;-1.873597800731659E-001;-4.018252715468407E-003;3.995406907051802E-003;
2.454666666666667E+009;3.572217375040054E-002;-1.884099692106247E-001;-3.860475728288293E-003;4.219964612275362E-003;
2.454833333333334E+009;3.579386323690414E-002;-1.893176734447479E-001;-3.817348275333643E-003;4.327708389610052E-003;
2.455000000000000E+009;3.612036257982254E-002;-1.902852952480316E-001;-3.690891200676560E-003;4.475215915590525E-003;
2.455166666666667E+009;3.658768162131310E-002;-1.910757273435593E-001;-3.523098072037101E-003;4.534397739917040E-003;
2.455333333333334E+009;3.680429980158806E-002;-1.916149258613586E-001;-3.355395514518023E-003;4.588151350617409E-003;
2.455500000000000E+009;3.739117085933685E-002;-1.920642405748367E-001;-3.219287376850843E-003;4.770068451762199E-003;
2.455666666666667E+009;3.769847750663757E-002;-1.924886405467987E-001;-3.024741541594267E-003;4.890362266451120E-003;
2.455833333333334E+009;3.805853426456451E-002;-1.928748786449432E-001;-2.753775333985686E-003;5.005226004868746E-003;
2.456000000000000E+009;3.842126578092575E-002;-1.930602043867111E-001;-2.743074903264642E-003;5.092798266559839E-003;
2.456166666666667E+009;3.872568532824516E-002;-1.932023465633392E-001;-2.503606490790844E-003;5.210841074585915E-003;
2.456333333333334E+009;3.894412890076637E-002;-1.932715475559235E-001;-2.136962022632361E-003;5.267094355076551E-003;
2.456500000000000E+009;3.915681317448616E-002;-1.932221651077271E-001;-1.988560892641544E-003;5.122662056237459E-003;
2.456666666666667E+009;3.935400396585465E-002;-1.930439323186874E-001;-1.806047745049000E-003;5.393927916884422E-003;
2.456833333333334E+009;3.939956426620483E-002;-1.924399584531784E-001;-1.550136832520366E-003;5.368105601519346E-003;
2.457000000000000E+009;3.938012570142746E-002;-1.920470595359802E-001;-1.437405822798610E-003;5.382448900490999E-003;
2.457166666666667E+009;3.924329578876495E-002;-1.917798668146133E-001;-1.226843334734440E-003;5.395099520683289E-003;
2.457333333333334E+009;3.914004936814308E-002;-1.910621970891953E-001;-9.224062087014318E-004;5.456042010337114E-003;
2.457500000000000E+009;3.877689689397812E-002;-1.903091669082642E-001;-8.588263881392777E-004;5.375340580940247E-003;
2.457666666666667E+009;3.847360610961914E-002;-1.893799304962158E-001;-6.744049605913460E-004;5.404745694249868E-003;
2.457833333333334E+009;3.773706406354904E-002;-1.885223239660263E-001;-3.681230882648379E-004;5.255615804344416E-003;
2.458000000000000E+009;3.718328475952148E-002;-1.876447498798370E-001;-1.899696799227968E-004;5.276879761368036E-003;
2.458166666666667E+009;3.652295470237732E-002;-1.864081174135208E-001;-2.133212838089094E-004;5.264790263026953E-003;
2.458333333333334E+009;3.555800020694733E-002;-1.855015605688095E-001;-1.116019120672718E-004;5.268612410873175E-003;
2.458500000000000E+009;3.460068628191948E-002;-1.843101829290390E-001;-2.102115468005650E-005;5.129315890371800E-003;
2.458666666666667E+009;3.347972035408020E-002;-1.832625269889832E-001;2.243958879262209E-004;5.296230316162109E-003;
2.458833333333334E+009;3.242992609739304E-002;-1.820152699947357E-001;2.863074769265950E-004;5.126303993165493E-003;
2.459000000000000E+009;3.106897696852684E-002;-1.809782236814499E-001;4.841275222133845E-004;5.009280517697334E-003;
2.459166666666667E+009;2.945680543780327E-002;-1.797544211149216E-001;5.790237919427455E-004;4.947365727275610E-003;
2.459333333333334E+009;2.818278409540653E-002;-1.785589754581451E-001;5.677094450220466E-004;4.912476520985365E-003;
2.459500000000000E+009;2.657972648739815E-002;-1.774868816137314E-001;7.876066956669092E-004;5.013557150959969E-003;
2.459666666666667E+009;2.471496909856796E-002;-1.765398383140564E-001;7.745088660158217E-004;4.984603729099035E-003;
2.459833333333334E+009;2.322782762348652E-002;-1.757442057132721E-001;1.029046019539237E-003;4.869750235229731E-003;
2.460000000000000E+009;2.141097746789455E-002;-1.748860180377960E-001;1.110147335566580E-003;4.755025263875723E-003;
2.460166666666667E+009;1.936326548457146E-002;-1.740761697292328E-001;1.189879607409239E-003;4.753685556352139E-003;
2.460333333333334E+009;1.725940033793449E-002;-1.734376251697540E-001;1.287505729123950E-003;4.620193503797054E-003;
2.460500000000000E+009;1.537531055510044E-002;-1.728369444608688E-001;1.356688793748617E-003;4.674477037042379E-003;
2.460666666666667E+009;1.304667070508003E-002;-1.723693758249283E-001;1.399992383085191E-003;4.616972059011459E-003;
2.460833333333334E+009;1.089999452233315E-002;-1.720516085624695E-001;1.523576560430229E-003;4.450764972716570E-003;
2.461000000000000E+009;8.735490031540394E-003;-1.719271093606949E-001;1.635083579458296E-003;4.441671073436737E-003;
2.461166666666667E+009;6.430944427847862E-003;-1.718399673700333E-001;1.557793351821601E-003;4.497654270380735E-003;
2.461333333333334E+009;4.155753180384636E-003;-1.719682663679123E-001;1.474482589401305E-003;4.328476730734110E-003;
2.461500000000000E+009;1.885600388050079E-003;-1.720497906208038E-001;1.770999981090426E-003;4.388501867651939E-003;
2.461666666666667E+009;-4.641277191694826E-004;-1.722269207239151E-001;1.666431897319853E-003;4.236266016960144E-003;
2.461833333333334E+009;-2.722121309489012E-003;-1.727485209703445E-001;1.782900886610150E-003;4.336131270974875E-003;
2.462000000000000E+009;-5.063004791736603E-003;-1.732818186283112E-001;1.853042980656028E-003;4.292127676308155E-003;
2.462166666666667E+009;-7.463234476745129E-003;-1.738741844892502E-001;1.916927518323064E-003;4.467104561626911E-003;
2.462333333333334E+009;-9.590898640453816E-003;-1.742446571588516E-001;1.823265221901238E-003;4.354641772806644E-003;
2.462500000000000E+009;-1.183353550732136E-002;-1.751072257757187E-001;2.059241523966193E-003;4.377709701657295E-003;
2.462666666666667E+009;-1.376323308795691E-002;-1.758821159601212E-001;2.156926086172462E-003;4.479164257645607E-003;
2.462833333333334E+009;-1.592997834086418E-002;-1.765677183866501E-001;2.183050150051713E-003;4.577766172587872E-003;
2.463000000000000E+009;-1.802720874547958E-002;-1.775991767644882E-001;2.336035948246718E-003;4.641186911612749E-003;
2.463166666666667E+009;-1.969577558338642E-002;-1.781539767980576E-001;2.614194294437766E-003;4.755211528390646E-003;
2.463333333333334E+009;-2.138221450150013E-002;-1.792955547571182E-001;2.833438105881214E-003;4.759495612233877E-003;
2.463500000000000E+009;-2.319169230759144E-002;-1.800786256790161E-001;3.062740899622440E-003;4.730105865746737E-003;
2.463666666666667E+009;-2.471603825688362E-002;-1.809679418802261E-001;3.298946190625429E-003;4.827499389648438E-003;
2.463833333333334E+009;-2.597399614751339E-002;-1.816992312669754E-001;3.496967721730471E-003;4.713576752692461E-003;
2.464000000000000E+009;-2.732115611433983E-002;-1.825892180204392E-001;3.818021854385734E-003;4.545302130281925E-003;
2.464166666666667E+009;-2.847273461520672E-002;-1.830901056528091E-001;4.006222356110811E-003;4.501224961131811E-003;
2.464333333333334E+009;-2.952367998659611E-002;-1.841187626123428E-001;4.292218945920467E-003;4.358971491456032E-003;
2.464500000000000E+009;-3.038332983851433E-002;-1.847424209117889E-001;4.455536603927612E-003;4.329517483711243E-003;
2.464666666666667E+009;-3.110730089247227E-002;-1.853370219469070E-001;4.781982861459255E-003;3.975443076342344E-003;
2.464833333333334E+009;-3.188396245241165E-002;-1.859369426965714E-001;4.869237076491118E-003;3.877042094245553E-003;
2.465000000000000E+009;-3.239402920007706E-002;-1.863726526498795E-001;5.135557614266872E-003;3.661743830889463E-003;
2.465166666666667E+009;-3.274218365550041E-002;-1.870343983173370E-001;5.193938501179218E-003;3.525805892422795E-003;
2.465333333333334E+009;-3.314255177974701E-002;-1.874300390481949E-001;5.284512881189585E-003;3.314745146781206E-003;
2.465500000000000E+009;-3.330133110284805E-002;-1.878644973039627E-001;5.539980717003346E-003;3.038279479369521E-003;
2.465666666666667E+009;-3.371608629822731E-002;-1.880984306335449E-001;5.732785444706678E-003;2.933444455265999E-003;
2.465833333333334E+009;-3.383794426918030E-002;-1.884589791297913E-001;5.852472037076950E-003;2.654042560607195E-003;
2.466000000000000E+009;-3.411404415965080E-002;-1.884215176105499E-001;5.907172337174416E-003;2.439003670588136E-003;
2.466166666666667E+009;-3.427090495824814E-002;-1.886644512414932E-001;6.002579350024462E-003;2.266780473291874E-003;
2.466333333333334E+009;-3.444084525108337E-002;-1.884869486093521E-001;6.174935027956963E-003;2.036844613030553E-003;
2.466500000000000E+009;-3.448515757918358E-002;-1.882478892803192E-001;6.357070058584213E-003;1.972029684111476E-003;
2.466666666666667E+009;-3.452723845839500E-002;-1.879881769418716E-001;6.584432907402515E-003;1.561484416015446E-003;
2.466833333333334E+009;-3.452385216951370E-002;-1.875793039798737E-001;6.486188620328903E-003;1.383936614729464E-003;
2.467000000000000E+009;-3.467050939798355E-002;-1.871922165155411E-001;6.692886818200350E-003;9.412867948412895E-004;
2.467166666666667E+009;-3.497209399938583E-002;-1.865106076002121E-001;6.600993685424328E-003;7.610829779878259E-004;
2.467333333333334E+009;-3.504842519760132E-002;-1.859965175390244E-001;6.826367694884539E-003;3.875694528687745E-004;
2.467500000000000E+009;-3.519955277442932E-002;-1.851732134819031E-001;6.759202107787132E-003;-3.267269448770094E-006;
2.467666666666667E+009;-3.547039255499840E-002;-1.842184513807297E-001;6.726659368723631E-003;-2.096379466820508E-004;
2.467833333333334E+009;-3.570481389760971E-002;-1.833193600177765E-001;6.654433906078339E-003;-5.997561966069043E-004;
2.468000000000000E+009;-3.607946634292603E-002;-1.826133579015732E-001;6.665547378361225E-003;-9.517972357571125E-004;
2.468166666666667E+009;-3.635851293802261E-002;-1.816755980253220E-001;6.446392275393009E-003;-1.294020563364029E-003;
2.468333333333334E+009;-3.698864206671715E-002;-1.806807070970535E-001;6.309774238616228E-003;-1.313778921030462E-003;
2.468500000000000E+009;-3.757762536406517E-002;-1.796366721391678E-001;6.326055619865656E-003;-1.836851355619729E-003;
2.468666666666667E+009;-3.830532357096672E-002;-1.786406487226486E-001;6.220649462193251E-003;-2.158944029361010E-003;
2.468833333333334E+009;-3.913079202175140E-002;-1.776523590087891E-001;5.987809039652348E-003;-2.388580003753305E-003;
2.469000000000000E+009;-4.007000476121903E-002;-1.765498220920563E-001;5.756387952715159E-003;-2.572146244347096E-003;
2.469166666666667E+009;-4.097516834735870E-002;-1.755246520042419E-001;5.504683591425419E-003;-2.749128034338355E-003;
2.469333333333334E+009;-4.225755110383034E-002;-1.743347346782684E-001;5.292918067425489E-003;-2.905996283516288E-003;
2.469500000000000E+009;-4.367959126830101E-002;-1.734648197889328E-001;5.044793710112572E-003;-3.172942437231541E-003;
2.469666666666667E+009;-4.478190839290619E-002;-1.722927838563919E-001;4.854118451476097E-003;-3.234183648601174E-003;
2.469833333333334E+009;-4.635608941316605E-002;-1.710778474807739E-001;4.760982934385538E-003;-3.294770605862141E-003;
2.470000000000000E+009;-4.773629456758499E-002;-1.700257211923599E-001;4.478572402149439E-003;-3.502943087369204E-003;
2.470166666666667E+009;-4.945155605673790E-002;-1.691845953464508E-001;4.203000571578741E-003;-3.433180972933769E-003;
2.470333333333334E+009;-5.085653439164162E-002;-1.682623624801636E-001;3.993534017354250E-003;-3.601849777624011E-003;
2.470500000000000E+009;-5.295206978917122E-002;-1.674002707004547E-001;3.991146106272936E-003;-3.602098673582077E-003;
2.470666666666667E+009;-5.456821992993355E-002;-1.663281917572022E-001;3.735192120075226E-003;-3.680655034258962E-003;
2.470833333333334E+009;-5.648908019065857E-002;-1.655148267745972E-001;3.696318948641419E-003;-3.747268812730908E-003;
2.471000000000000E+009;-5.846410617232323E-002;-1.647541224956513E-001;3.430157434195280E-003;-3.697801381349564E-003;
2.471166666666667E+009;-6.035437062382698E-002;-1.641693860292435E-001;3.345972625538707E-003;-3.795474534854293E-003;
2.471333333333334E+009;-6.238023191690445E-002;-1.631460040807724E-001;3.159472718834877E-003;-3.943905234336853E-003;
2.471500000000000E+009;-6.419526785612106E-002;-1.626256257295609E-001;2.994645154103637E-003;-3.803092753514648E-003;
2.471666666666667E+009;-6.622725725173950E-002;-1.621858328580856E-001;2.818346954882145E-003;-3.837549593299627E-003;
2.471833333333334E+009;-6.813154369592667E-002;-1.615986377000809E-001;2.724483376368880E-003;-3.908384125679731E-003;
2.472000000000000E+009;-6.998222321271896E-002;-1.612181961536408E-001;2.678123768419027E-003;-3.893196815624833E-003;
2.472166666666667E+009;-7.145062834024429E-002;-1.608582884073257E-001;2.591687487438321E-003;-3.971359226852655E-003;
2.472333333333334E+009;-7.345503568649292E-002;-1.603488326072693E-001;2.407917287200689E-003;-3.927338868379593E-003;
2.472500000000000E+009;-7.519371807575226E-002;-1.602397710084915E-001;2.315634163096547E-003;-3.850635141134262E-003;
2.472666666666667E+009;-7.690415531396866E-002;-1.600813418626785E-001;2.112158108502626E-003;-3.875402966514230E-003;
2.472833333333334E+009;-7.869263738393784E-002;-1.600331068038940E-001;2.087727654725313E-003;-3.818838857114315E-003;
2.473000000000000E+009;-8.011942356824875E-002;-1.599764376878738E-001;1.874816487543285E-003;-3.697392530739307E-003;
2.473166666666667E+009;-8.157230168581009E-002;-1.602804958820343E-001;1.805662643164396E-003;-3.712676698341966E-003;
2.473333333333334E+009;-8.285535871982575E-002;-1.601065546274185E-001;1.779887825250626E-003;-3.692193422466517E-003;
2.473500000000000E+009;-8.425547182559967E-002;-1.601109206676483E-001;1.872890628874302E-003;-3.682263661175966E-003;
2.473666666666667E+009;-8.567580580711365E-002;-1.601376831531525E-001;1.791480695828795E-003;-3.635922912508249E-003;
2.473833333333334E+009;-8.676343411207199E-002;-1.603162288665772E-001;1.679326524026692E-003;-3.730610245838761E-003;
2.474000000000000E+009;-8.776284009218216E-002;-1.602787673473358E-001;1.577030285261571E-003;-3.752151038497686E-003;
2.474166666666667E+009;-8.874680101871491E-002;-1.606236994266510E-001;1.543174032121897E-003;-3.774902783334255E-003;
2.474333333333334E+009;-8.969247341156006E-002;-1.603537797927856E-001;1.468547503463924E-003;-3.784737316891551E-003;
2.474500000000000E+009;-9.036824107170105E-002;-1.603429913520813E-001;1.480630366131663E-003;-3.795911325141788E-003;
2.474666666666667E+009;-9.118444472551346E-002;-1.602478921413422E-001;1.389793120324612E-003;-3.922445233911276E-003;
2.474833333333334E+009;-9.169526398181915E-002;-1.601556688547134E-001;1.170553732663393E-003;-3.927247133105993E-003;
2.475000000000000E+009;-9.217824786901474E-002;-1.600568592548370E-001;1.252356451004744E-003;-3.945307806134224E-003;
2.475166666666667E+009;-9.276913106441498E-002;-1.598346531391144E-001;9.820995619520545E-004;-3.853300586342812E-003;
2.475333333333334E+009;-9.316804260015488E-002;-1.597974151372910E-001;9.458233835175633E-004;-3.974674735218287E-003;
2.475500000000000E+009;-9.343414753675461E-002;-1.595369726419449E-001;8.774953312240541E-004;-3.909244667738676E-003;
2.475666666666667E+009;-9.378798305988312E-002;-1.590667068958283E-001;8.808050770312548E-004;-3.897766349837184E-003;
2.475833333333334E+009;-9.412738680839539E-002;-1.585471034049988E-001;7.322044693864882E-004;-3.991225268691778E-003;
2.476000000000000E+009;-9.451017528772354E-002;-1.580084413290024E-001;7.195812650024891E-004;-3.958803601562977E-003;
2.476166666666667E+009;-9.467580914497376E-002;-1.574330627918243E-001;6.262960378080607E-004;-3.962630871683359E-003;
2.476333333333334E+009;-9.485916048288345E-002;-1.569481790065765E-001;5.383315146900713E-004;-4.017604980617762E-003;
2.476500000000000E+009;-9.508571028709412E-002;-1.559744626283646E-001;4.391606780700386E-004;-4.059802275151014E-003;
2.476666666666667E+009;-9.552378952503204E-002;-1.550279110670090E-001;4.500540089793503E-004;-3.985805902630091E-003;
2.476833333333334E+009;-9.568496793508530E-002;-1.541545540094376E-001;3.702245012391359E-004;-4.213000647723675E-003;
2.477000000000000E+009;-9.595940262079239E-002;-1.531400084495544E-001;4.124894039705396E-004;-4.058064892888069E-003;
2.477166666666667E+009;-9.635867178440094E-002;-1.519471406936646E-001;2.673697890713811E-004;-4.219715017825365E-003;
2.477333333333334E+009;-9.663001447916031E-002;-1.506519317626953E-001;8.953076030593365E-005;-4.086253698915243E-003;
2.477500000000000E+009;-9.708626568317413E-002;-1.492672860622406E-001;1.783104089554399E-004;-4.396622534841299E-003;
2.477666666666667E+009;-9.748245775699616E-002;-1.476617157459259E-001;-8.835087646730244E-005;-4.478488117456436E-003;
2.477833333333334E+009;-9.805856645107269E-002;-1.462026983499527E-001;-2.186515484936535E-004;-4.375769291073084E-003;
2.478000000000000E+009;-9.859905391931534E-002;-1.446275562047958E-001;-2.731898857746273E-004;-4.509440157562494E-003;
2.478166666666667E+009;-9.910019487142563E-002;-1.429975926876068E-001;-5.451043252833188E-004;-4.587600007653236E-003;
2.478333333333334E+009;-9.978592395782471E-002;-1.411608010530472E-001;-7.316771661862731E-004;-4.710311535745859E-003;
2.478500000000000E+009;-1.005057767033577E-001;-1.393663585186005E-001;-8.151421207003295E-004;-4.691830836236477E-003;
2.478666666666667E+009;-1.013124287128449E-001;-1.377554833889008E-001;-8.898008381947875E-004;-4.631068091839552E-003;
2.478833333333334E+009;-1.021063178777695E-001;-1.360008120536804E-001;-1.029964187182486E-003;-4.723101854324341E-003;
2.479000000000000E+009;-1.030137836933136E-001;-1.339700520038605E-001;-1.247523003257811E-003;-4.602946341037750E-003;
2.479166666666667E+009;-1.039385348558426E-001;-1.322367042303085E-001;-1.662274473346770E-003;-4.632692318409681E-003;
2.479333333333334E+009;-1.048240736126900E-001;-1.304072141647339E-001;-1.719342544674873E-003;-4.565962590277195E-003;
2.479500000000000E+009;-1.061095222830772E-001;-1.286199092864990E-001;-1.917913323268294E-003;-4.566290881484747E-003;
2.479666666666667E+009;-1.073153167963028E-001;-1.270978450775147E-001;-2.155533991754055E-003;-4.445144906640053E-003;
2.479833333333334E+009;-1.085676476359367E-001;-1.253148913383484E-001;-2.229261212050915E-003;-4.411823116242886E-003;
2.480000000000000E+009;-1.098646447062492E-001;-1.236865222454071E-001;-2.525494201108813E-003;-4.203427582979202E-003;
2.480166666666667E+009;-1.112569794058800E-001;-1.222527846693993E-001;-2.618289086967707E-003;-4.052040167152882E-003;
2.480333333333334E+009;-1.126176714897156E-001;-1.205824762582779E-001;-2.733102068305016E-003;-3.898694645613432E-003;
2.480500000000000E+009;-1.141721606254578E-001;-1.192222833633423E-001;-2.834115177392960E-003;-3.770215669646859E-003;
2.480666666666667E+009;-1.154616922140122E-001;-1.177792996168137E-001;-2.789046848192811E-003;-3.711445024237037E-003;
2.480833333333334E+009;-1.171766892075539E-001;-1.169388741254807E-001;-3.150400938466191E-003;-3.624401288107038E-003;
2.481000000000000E+009;-1.188722997903824E-001;-1.156465262174606E-001;-2.968892920762301E-003;-3.375263419002295E-003;
2.481166666666667E+009;-1.204137131571770E-001;-1.146079972386360E-001;-2.997657516971231E-003;-3.420789493247867E-003;
2.481333333333334E+009;-1.222260296344757E-001;-1.136653423309326E-001;-3.099065041169524E-003;-3.364317817613483E-003;
2.481500000000000E+009;-1.238499432802200E-001;-1.129810735583305E-001;-3.255424788221717E-003;-3.235488664358854E-003;
2.481666666666667E+009;-1.253971308469772E-001;-1.122300624847412E-001;-3.455527825281024E-003;-3.282919526100159E-003;
2.481833333333334E+009;-1.271084100008011E-001;-1.116618216037750E-001;-3.405788447707892E-003;-3.138845786452293E-003;
2.482000000000000E+009;-1.287087500095367E-001;-1.111027002334595E-001;-3.377560060471296E-003;-3.130714641883969E-003;
2.482166666666667E+009;-1.304156184196472E-001;-1.106259003281593E-001;-3.580910852178931E-003;-3.148627234622836E-003;
2.482333333333334E+009;-1.319856196641922E-001;-1.102009192109108E-001;-3.676451742649078E-003;-2.931071445345879E-003;
2.482500000000000E+009;-1.335144639015198E-001;-1.100014820694923E-001;-3.778842044994235E-003;-2.882411470636725E-003;
2.482666666666667E+009;-1.349578946828842E-001;-1.096477434039116E-001;-4.025311674922705E-003;-2.727663842961192E-003;
2.482833333333334E+009;-1.362943500280380E-001;-1.094920188188553E-001;-3.939048387110233E-003;-2.670306246727705E-003;
2.483000000000000E+009;-1.375892013311386E-001;-1.093849018216133E-001;-4.097247496247292E-003;-2.524373820051551E-003;
2.483166666666667E+009;-1.390935778617859E-001;-1.093467846512795E-001;-4.265073221176863E-003;-2.466304926201701E-003;
2.483333333333334E+009;-1.401387155056000E-001;-1.091844514012337E-001;-4.292629659175873E-003;-2.260812558233738E-003;
2.483500000000000E+009;-1.411763578653336E-001;-1.092462092638016E-001;-4.420599900186062E-003;-2.144953468814492E-003;
2.483666666666667E+009;-1.421913504600525E-001;-1.092200949788094E-001;-4.421148914843798E-003;-1.813697977922857E-003;
2.483833333333334E+009;-1.430258303880692E-001;-1.089850738644600E-001;-4.604636225849390E-003;-1.870275940746069E-003;
2.484000000000000E+009;-1.438558399677277E-001;-1.090408563613892E-001;-4.672125447541475E-003;-1.609568600542843E-003;
2.484166666666667E+009;-1.446093618869782E-001;-1.087845787405968E-001;-4.743305966258049E-003;-1.369576551951468E-003;
2.484333333333334E+009;-1.451234072446823E-001;-1.087898313999176E-001;-4.881705157458782E-003;-1.393224229104817E-003;
2.484500000000000E+009;-1.455645710229874E-001;-1.085590645670891E-001;-4.698859062045813E-003;-1.133863115683198E-003;
2.484666666666667E+009;-1.460135877132416E-001;-1.084952726960182E-001;-4.820819944143295E-003;-1.003543031401932E-003;
2.484833333333334E+009;-1.462318599224091E-001;-1.080943122506142E-001;-4.941968712955713E-003;-8.450515451841056E-004;
2.485000000000000E+009;-1.462479382753372E-001;-1.078473106026650E-001;-4.875507205724716E-003;-6.563561619259417E-004;
2.485166666666667E+009;-1.464517414569855E-001;-1.075042039155960E-001;-5.054883193224669E-003;-4.376914293970913E-004;
2.485333333333334E+009;-1.464089155197144E-001;-1.071245297789574E-001;-4.931742325425148E-003;-2.569405187387019E-004;
2.485500000000000E+009;-1.463094800710678E-001;-1.064229086041451E-001;-4.942455329000950E-003;-1.183198837679811E-004;
2.485666666666667E+009;-1.460743248462677E-001;-1.058678030967712E-001;-4.965580534189940E-003;1.065273245330900E-004;
2.485833333333334E+009;-1.460392773151398E-001;-1.051462367177010E-001;-5.014479160308838E-003;3.251532907597721E-004;
2.486000000000000E+009;-1.456289142370224E-001;-1.043132171034813E-001;-4.884467925876379E-003;5.226923967711628E-004;
2.486166666666667E+009;-1.455063968896866E-001;-1.033313870429993E-001;-5.062938667833805E-003;7.486401009373367E-004;
2.486333333333334E+009;-1.450070440769196E-001;-1.023511812090874E-001;-4.979954566806555E-003;9.795236401259899E-004;
2.486500000000000E+009;-1.447749137878418E-001;-1.012643724679947E-001;-4.803995601832867E-003;1.332636573351920E-003;
2.486666666666667E+009;-1.441469937562943E-001;-1.001539379358292E-001;-4.742138553410769E-003;1.485534943640232E-003;
2.486833333333334E+009;-1.439032852649689E-001;-9.868593513965607E-002;-4.667955916374922E-003;1.741067622788250E-003;
2.487000000000000E+009;-1.435561329126358E-001;-9.739389270544052E-002;-4.539043176919222E-003;1.833960064686835E-003;
2.487166666666667E+009;-1.432720720767975E-001;-9.581987559795380E-002;-4.300116095691919E-003;2.080297796055675E-003;
2.487333333333334E+009;-1.430706083774567E-001;-9.406966716051102E-002;-4.165312740951777E-003;2.254477702081204E-003;
2.487500000000000E+009;-1.427416205406189E-001;-9.238800406455994E-002;-4.050987772643566E-003;2.439826959744096E-003;
2.487666666666667E+009;-1.426055878400803E-001;-9.048275649547577E-002;-3.942053765058518E-003;2.534633968025446E-003;
2.487833333333334E+009;-1.426548957824707E-001;-8.857034891843796E-002;-3.764165332540870E-003;2.657990204170346E-003;
2.488000000000000E+009;-1.423892229795456E-001;-8.653338253498077E-002;-3.400784917175770E-003;2.798600355163217E-003;
2.488166666666667E+009;-1.425359100103378E-001;-8.455555886030197E-002;-3.278020536527038E-003;2.875453326851130E-003;
2.488333333333334E+009;-1.424752920866013E-001;-8.230482041835785E-002;-3.141632536426187E-003;2.924795262515545E-003;
2.488500000000000E+009;-1.428710967302322E-001;-8.032880723476410E-002;-2.802550327032805E-003;2.862730994820595E-003;
2.488666666666667E+009;-1.430726200342178E-001;-7.785414904356003E-002;-2.661060541868210E-003;3.045332618057728E-003;
2.488833333333334E+009;-1.434714198112488E-001;-7.562363892793655E-002;-2.397029893472791E-003;2.976372139528394E-003;
2.489000000000000E+009;-1.439947038888931E-001;-7.328823953866959E-002;-2.309090225026012E-003;2.748243510723114E-003;
2.489166666666667E+009;-1.445310413837433E-001;-7.073409855365753E-002;-2.204166259616613E-003;2.877139952033758E-003;
2.489333333333334E+009;-1.453401446342468E-001;-6.848765909671783E-002;-2.116814721375704E-003;2.883176086470485E-003;
2.489500000000000E+009;-1.461987346410751E-001;-6.597846746444702E-002;-1.878260052762926E-003;2.707827603444457E-003;
2.489666666666667E+009;-1.470986157655716E-001;-6.358003616333008E-002;-1.817373675294220E-003;2.602094318717718E-003;
2.489833333333334E+009;-1.483113318681717E-001;-6.118334084749222E-002;-1.739881816320121E-003;2.600463805720210E-003;
2.490000000000000E+009;-1.494389176368713E-001;-5.901639536023140E-002;-1.590198604390025E-003;2.696884097531438E-003;
2.490166666666667E+009;-1.507420241832733E-001;-5.643304437398911E-002;-1.598753966391087E-003;2.574846614152193E-003;
2.490333333333334E+009;-1.519649475812912E-001;-5.414050072431564E-002;-1.520614838227630E-003;2.654957352206111E-003;
2.490500000000000E+009;-1.537233144044876E-001;-5.212767794728279E-002;-1.560133998282254E-003;2.739557996392250E-003;
2.490666666666667E+009;-1.550058275461197E-001;-4.952840879559517E-002;-1.535828458145261E-003;2.628459827974439E-003;
2.490833333333334E+009;-1.565827578306198E-001;-4.758090525865555E-002;-1.478112884797156E-003;2.620388055220246E-003;
2.491000000000000E+009;-1.582243591547012E-001;-4.540949314832687E-002;-1.445328933186829E-003;2.588658360764384E-003;
2.491166666666667E+009;-1.595156937837601E-001;-4.332344979047775E-002;-1.323385629802942E-003;2.565433969721198E-003;
2.491333333333334E+009;-1.613340824842453E-001;-4.140292853116989E-002;-1.207093475386500E-003;2.497946145012975E-003;
2.491500000000000E+009;-1.630348414182663E-001;-3.958608210086823E-002;-1.228884560987353E-003;2.642764942720532E-003;
2.491666666666667E+009;-1.647859513759613E-001;-3.788404911756516E-002;-1.061888993717730E-003;2.473864471539855E-003;
2.491833333333334E+009;-1.662653684616089E-001;-3.614261001348496E-002;-1.152468496002257E-003;2.510651014745235E-003;
2.492000000000000E+009;-1.678964644670487E-001;-3.450844436883926E-002;-1.129698590375483E-003;2.326794201508164E-003;
2.492166666666667E+009;-1.695037186145783E-001;-3.308607637882233E-002;-1.027661724947393E-003;2.335509750992060E-003;
2.492333333333334E+009;-1.710260808467865E-001;-3.169669210910797E-002;-1.141909742727876E-003;2.275857143104076E-003;
2.492500000000000E+009;-1.724173873662949E-001;-3.058362007141113E-002;-1.136696664616466E-003;2.161428332328796E-003;
2.492666666666667E+009;-1.737656444311142E-001;-2.935499139130116E-002;-1.177535043098033E-003;2.191271167248488E-003;
2.492833333333334E+009;-1.748721599578857E-001;-2.825206145644188E-002;-1.105471746996045E-003;2.111505717039108E-003;
2.493000000000000E+009;-1.760622859001160E-001;-2.722445875406265E-002;-1.131053897552192E-003;2.208085032179952E-003;
2.493166666666667E+009;-1.769905686378479E-001;-2.636717073619366E-002;-1.192014547996223E-003;2.215717919170857E-003;
2.493333333333334E+009;-1.781459897756577E-001;-2.552395686507225E-002;-1.309888786636293E-003;2.245086478069425E-003;
2.493500000000000E+009;-1.788783669471741E-001;-2.480859495699406E-002;-1.463960739783943E-003;2.396603580564261E-003;
2.493666666666667E+009;-1.795370578765869E-001;-2.400996349751949E-002;-1.314073684625328E-003;2.509475452825427E-003;
2.493833333333334E+009;-1.800315827131271E-001;-2.348798513412476E-002;-1.349103637039661E-003;2.711412496864796E-003;
2.494000000000000E+009;-1.803206801414490E-001;-2.293022722005844E-002;-1.379939727485180E-003;2.702536527067423E-003;
2.494166666666667E+009;-1.805256158113480E-001;-2.216212265193462E-002;-1.216886914335191E-003;2.778881927952170E-003;
2.494333333333334E+009;-1.806495189666748E-001;-2.176374755799770E-002;-1.221324084326625E-003;2.794796833768487E-003;
2.494500000000000E+009;-1.803890615701675E-001;-2.136078290641308E-002;-1.163047621957958E-003;2.999032381922007E-003;
2.494666666666667E+009;-1.803967058658600E-001;-2.076648361980915E-002;-9.881135774776340E-004;2.980419900268316E-003;
2.494833333333334E+009;-1.801810264587402E-001;-2.031733840703964E-002;-9.322181576862931E-004;3.051739884540439E-003;
2.495000000000000E+009;-1.799289882183075E-001;-1.989544183015823E-002;-9.253845200873911E-004;3.185976529493928E-003;
2.495166666666667E+009;-1.793080717325211E-001;-1.930220238864422E-002;-8.128130575641990E-004;3.190020564943552E-003;
2.495333333333334E+009;-1.788967102766037E-001;-1.866576634347439E-002;-7.768364739604294E-004;3.358281450346112E-003;
2.495500000000000E+009;-1.782470047473908E-001;-1.796867325901985E-002;-6.825762102380395E-004;3.313130699098110E-003;
2.495666666666667E+009;-1.773861050605774E-001;-1.733691990375519E-002;-6.043771281838417E-004;3.369063371792436E-003;
2.495833333333334E+009;-1.767970919609070E-001;-1.636887155473232E-002;-4.392657720018178E-004;3.452091477811337E-003;
2.496000000000000E+009;-1.759930253028870E-001;-1.547562982887030E-002;-4.878386098425835E-004;3.385874675586820E-003;
2.496166666666667E+009;-1.749824136495590E-001;-1.446271594613791E-002;-4.494871536735445E-004;3.530805464833975E-003;
2.496333333333334E+009;-1.741759032011032E-001;-1.330859772861004E-002;-3.084925119765103E-004;3.604240715503693E-003;
2.496500000000000E+009;-1.732699424028397E-001;-1.205832604318857E-002;-2.411940076854080E-004;3.766081994399428E-003;
2.496666666666667E+009;-1.722476333379746E-001;-1.054413057863712E-002;-1.536669151391834E-004;3.818382276222110E-003;
2.496833333333334E+009;-1.710471212863922E-001;-9.055647067725658E-003;9.903374120767694E-006;3.818711964413524E-003;
2.497000000000000E+009;-1.699539273977280E-001;-7.342265918850899E-003;1.176224614027888E-004;3.969400655478239E-003;
2.497166666666667E+009;-1.688182651996613E-001;-5.618869792670012E-003;3.350802289787680E-004;4.120551049709320E-003;
2.497333333333334E+009;-1.677385717630386E-001;-3.565808059647679E-003;3.852640802506357E-004;4.225988406687975E-003;
2.497500000000000E+009;-1.667559742927551E-001;-1.607046579010785E-003;8.819157374091446E-004;4.233298357576132E-003;
2.497666666666667E+009;-1.656182259321213E-001;6.214191089384258E-004;1.191415009088814E-003;4.293158650398254E-003;
2.497833333333334E+009;-1.646113246679306E-001;2.657274017110467E-003;1.328545040450990E-003;4.233196377754211E-003;
2.498000000000000E+009;-1.638511121273041E-001;5.139960441738367E-003;1.623738091439009E-003;4.118035547435284E-003;
2.498166666666667E+009;-1.630099862813950E-001;7.520934101194143E-003;1.834233989939094E-003;4.057423677295446E-003;
2.498333333333334E+009;-1.620606482028961E-001;1.013256795704365E-002;2.026042435318232E-003;3.846183186396956E-003;
2.498500000000000E+009;-1.614048928022385E-001;1.269495766609907E-002;2.186405472457409E-003;3.860882716253400E-003;
2.498666666666667E+009;-1.607944369316101E-001;1.537048071622849E-002;2.360102022066712E-003;3.606205107644200E-003;
2.498833333333334E+009;-1.602541953325272E-001;1.831432618200779E-002;2.561424393206835E-003;3.368156729266048E-003;
2.499000000000000E+009;-1.598577350378037E-001;2.079733461141586E-002;2.653940580785275E-003;3.360083559527993E-003;
2.499166666666667E+009;-1.597038209438324E-001;2.390599250793457E-002;2.945510903373361E-003;3.251626389101148E-003;
2.499333333333334E+009;-1.594313681125641E-001;2.694836258888245E-002;2.937135286629200E-003;3.073425265029073E-003;
2.499500000000000E+009;-1.593903601169586E-001;2.981084957718849E-002;3.140505868941546E-003;2.857870655134320E-003;
2.499666666666667E+009;-1.592237055301666E-001;3.286482766270638E-002;3.204991342499852E-003;2.788085723295808E-003;
2.499833333333334E+009;-1.595360040664673E-001;3.588779643177986E-002;3.000518772751093E-003;2.600022125989199E-003;
2.500000000000000E+009;-1.596126407384872E-001;3.884700685739517E-002;3.248407505452633E-003;2.551225246861577E-003;
