# Version 1.00
#
freq[Hz];re:Trc1_S11;im:Trc1_S11;re:Trc2_S21;im:Trc2_S21;
2.400000000000000E+009;1.551865786314011E-001;1.063767671585083E-001;1.113570993766189E-003;-5.177182145416737E-003;
2.400166666666667E+009;1.549978256225586E-001;1.038089543581009E-001;1.016494235955179E-003;-5.117401015013456E-003;
2.400333333333334E+009;1.550498753786087E-001;1.016802415251732E-001;1.050980063155294E-003;-4.981135018169880E-003;
2.400500000000000E+009;1.549123376607895E-001;9.898441284894943E-002;8.404892869293690E-004;-4.825675394386053E-003;
2.400666666666667E+009;1.549336612224579E-001;9.649062901735306E-002;1.120246015489101E-003;-4.970681387931109E-003;
2.400833333333334E+009;1.551123112440109E-001;9.363231807947159E-002;9.947291109710932E-004;-4.758847877383232E-003;
2.401000000000000E+009;1.552709639072418E-001;9.070451557636261E-002;9.598345495760441E-004;-4.803217016160488E-003;
2.401166666666667E+009;1.554355025291443E-001;8.824022859334946E-002;9.039099095389247E-004;-4.695911426097155E-003;
2.401333333333334E+009;1.558673977851868E-001;8.529423177242279E-002;1.071012113243341E-003;-4.697816446423531E-003;
2.401500000000000E+009;1.564613431692123E-001;8.247838914394379E-002;9.141369373537600E-004;-4.684343934059143E-003;
2.401666666666667E+009;1.568457633256912E-001;7.971514016389847E-002;1.055444008670747E-003;-4.854729399085045E-003;
2.401833333333334E+009;1.573710739612579E-001;7.688040286302567E-002;9.443486924283207E-004;-5.068019963800907E-003;
2.402000000000000E+009;1.582819968461990E-001;7.418910413980484E-002;9.319920209236443E-004;-5.240685306489468E-003;
2.402166666666667E+009;1.589360237121582E-001;7.176382839679718E-002;7.931332802399993E-004;-5.094935651868582E-003;
2.402333333333334E+009;1.600263118743897E-001;6.899274885654450E-002;6.889082724228501E-004;-5.394516978412867E-003;
2.402500000000000E+009;1.613032668828964E-001;6.659384071826935E-002;6.394642987288535E-004;-5.353937391191721E-003;
2.402666666666667E+009;1.626663804054260E-001;6.418896466493607E-002;3.063736949115992E-004;-5.483210086822510E-003;
2.402833333333334E+009;1.636206060647965E-001;6.176543980836868E-002;2.340136006750981E-006;-5.653140600770712E-003;
2.403000000000000E+009;1.651508063077927E-001;5.936082825064659E-002;-1.489562855567783E-004;-5.615714937448502E-003;
2.403166666666667E+009;1.668523699045181E-001;5.723566934466362E-002;-4.878847103100270E-004;-5.499536171555519E-003;
2.403333333333334E+009;1.683758944272995E-001;5.513126030564308E-002;-6.290639867074788E-004;-5.513013340532780E-003;
2.403500000000000E+009;1.699852645397186E-001;5.308253690600395E-002;-6.657075718976557E-004;-5.430964287370443E-003;
2.403666666666667E+009;1.718970239162445E-001;5.126623809337616E-002;-8.527155150659382E-004;-5.371815524995327E-003;
2.403833333333334E+009;1.734380871057510E-001;4.935346916317940E-002;-1.082830363884568E-003;-5.287833977490664E-003;
2.404000000000000E+009;1.748815029859543E-001;4.758209735155106E-002;-1.258063712157309E-003;-5.047386512160301E-003;
2.404166666666667E+009;1.765801608562470E-001;4.623112827539444E-002;-1.207657041959465E-003;-5.014738999307156E-003;
2.404333333333334E+009;1.781677752733231E-001;4.466801881790161E-002;-1.238757511600852E-003;-4.847011994570494E-003;
2.404500000000000E+009;1.798989176750183E-001;4.328447207808495E-002;-1.335076871328056E-003;-4.788278136402369E-003;
2.404666666666667E+009;1.814821660518646E-001;4.241655766963959E-002;-1.390461344271898E-003;-4.803475458174944E-003;
2.404833333333334E+009;1.831850409507752E-001;4.126127809286118E-002;-1.290709828026593E-003;-5.018105730414391E-003;
2.405000000000000E+009;1.845059841871262E-001;4.058785364031792E-002;-1.401501242071390E-003;-4.870828241109848E-003;
2.405166666666667E+009;1.859828829765320E-001;3.991888463497162E-002;-1.587889972142875E-003;-4.912933334708214E-003;
2.405333333333334E+009;1.872010827064514E-001;3.945772349834442E-002;-1.681636553257704E-003;-5.012453068047762E-003;
2.405500000000000E+009;1.885976344347000E-001;3.898779675364494E-002;-1.847169827669859E-003;-4.996954929083586E-003;
2.405666666666667E+009;1.898029148578644E-001;3.854147717356682E-002;-1.877434784546495E-003;-4.929655231535435E-003;
2.405833333333334E+009;1.909645348787308E-001;3.822965919971466E-002;-2.216648310422897E-003;-4.892106633633375E-003;
2.406000000000000E+009;1.919805109500885E-001;3.812504187226296E-002;-2.461390802636743E-003;-4.800812341272831E-003;
2.406166666666667E+009;1.930942088365555E-001;3.790789097547531E-002;-2.409744309261441E-003;-4.879909101873636E-003;
2.406333333333334E+009;1.939059048891068E-001;3.792794421315193E-002;-2.666524611413479E-003;-4.593338817358017E-003;
2.406500000000000E+009;1.944267749786377E-001;3.790199384093285E-002;-2.935036085546017E-003;-4.515941720455885E-003;
2.406666666666667E+009;1.950677782297134E-001;3.781222179532051E-002;-3.047930076718330E-003;-4.368442110717297E-003;
2.406833333333334E+009;1.955992281436920E-001;3.777382150292397E-002;-3.057094058021903E-003;-4.258915316313505E-003;
2.407000000000000E+009;1.958546489477158E-001;3.809455037117004E-002;-3.175972728058696E-003;-4.291530698537827E-003;
2.407166666666667E+009;1.962997466325760E-001;3.782016783952713E-002;-3.308878978714347E-003;-4.127051681280136E-003;
2.407333333333334E+009;1.962052881717682E-001;3.797817975282669E-002;-3.248174209147692E-003;-4.044662229716778E-003;
2.407500000000000E+009;1.960981190204620E-001;3.783030435442925E-002;-3.222194500267506E-003;-3.859343472868204E-003;
2.407666666666667E+009;1.960618346929550E-001;3.790118172764778E-002;-3.284914186224341E-003;-3.732787212356925E-003;
2.407833333333334E+009;1.955557614564896E-001;3.758082166314125E-002;-3.367016324773431E-003;-3.765726462006569E-003;
2.408000000000000E+009;1.955165714025497E-001;3.738870099186897E-002;-3.482163185253739E-003;-3.727479837834835E-003;
2.408166666666667E+009;1.948655992746353E-001;3.710964322090149E-002;-3.410397795960307E-003;-3.614520886912942E-003;
2.408333333333334E+009;1.944059878587723E-001;3.653418645262718E-002;-3.535628318786621E-003;-3.534366609528661E-003;
2.408500000000000E+009;1.937420070171356E-001;3.618032112717629E-002;-3.733978141099215E-003;-3.503795480355620E-003;
2.408666666666667E+009;1.930079907178879E-001;3.543417900800705E-002;-3.639013040810823E-003;-3.631155006587505E-003;
2.408833333333334E+009;1.923278868198395E-001;3.479194268584251E-002;-3.738061990588903E-003;-3.497697180137038E-003;
2.409000000000000E+009;1.913986653089523E-001;3.377854079008102E-002;-3.902140073478222E-003;-3.320111427456141E-003;
2.409166666666667E+009;1.903705149888992E-001;3.271633014082909E-002;-3.943176940083504E-003;-3.592096269130707E-003;
2.409333333333334E+009;1.894041150808334E-001;3.165918588638306E-002;-4.022832028567791E-003;-3.433778416365385E-003;
2.409500000000000E+009;1.882675886154175E-001;3.025515563786030E-002;-4.089631140232086E-003;-3.380955895408988E-003;
2.409666666666667E+009;1.873285919427872E-001;2.895182184875011E-002;-4.313535522669554E-003;-3.326138947159052E-003;
2.409833333333334E+009;1.861944049596787E-001;2.734901383519173E-002;-4.369414877146483E-003;-3.221665741875768E-003;
2.410000000000000E+009;1.852041035890579E-001;2.563900128006935E-002;-4.405983723700047E-003;-3.091038903221488E-003;
2.410166666666667E+009;1.842911690473557E-001;2.380584180355072E-002;-4.588168580085039E-003;-3.030048217624426E-003;
2.410333333333334E+009;1.832009404897690E-001;2.200068905949593E-002;-4.790375009179115E-003;-3.069429658353329E-003;
2.410500000000000E+009;1.823473423719406E-001;2.004186995327473E-002;-4.921597894281149E-003;-2.974814968183637E-003;
2.410666666666667E+009;1.814074814319611E-001;1.790509559214115E-002;-4.978101234883070E-003;-2.924774307757616E-003;
2.410833333333334E+009;1.807125359773636E-001;1.567498035728931E-002;-5.156919360160828E-003;-2.741489093750715E-003;
2.411000000000000E+009;1.801136881113052E-001;1.350581459701061E-002;-5.232855211943388E-003;-2.511465921998024E-003;
2.411166666666667E+009;1.793386489152908E-001;1.149173732846975E-002;-5.357742309570313E-003;-2.387287793681026E-003;
2.411333333333334E+009;1.789274662733078E-001;8.881928399205208E-003;-5.541966296732426E-003;-2.342322841286659E-003;
2.411500000000000E+009;1.785764247179031E-001;6.471989210695028E-003;-5.653409287333489E-003;-2.069612732157111E-003;
2.411666666666667E+009;1.783166378736496E-001;4.206733312457800E-003;-5.756966769695282E-003;-2.071680966764689E-003;
2.411833333333334E+009;1.780806928873062E-001;1.746559282764792E-003;-5.602307152003050E-003;-1.989830750972033E-003;
2.412000000000000E+009;1.782212704420090E-001;-7.183722918853164E-004;-5.800542421638966E-003;-1.610885956324637E-003;
2.412166666666667E+009;1.783102154731751E-001;-2.882716013118625E-003;-5.879387725144625E-003;-1.473638461902738E-003;
2.412333333333334E+009;1.785435080528259E-001;-5.349663551896811E-003;-5.915441084653139E-003;-1.580091542564333E-003;
2.412500000000000E+009;1.791932433843613E-001;-7.819826714694500E-003;-6.068262737244368E-003;-1.320437295362353E-003;
2.412666666666667E+009;1.794304251670837E-001;-1.031130924820900E-002;-6.123683881014586E-003;-1.063459902070463E-003;
2.412833333333334E+009;1.801266372203827E-001;-1.241122744977474E-002;-6.289919838309288E-003;-9.343661367893219E-004;
2.413000000000000E+009;1.809054911136627E-001;-1.478646136820316E-002;-6.562344264239073E-003;-7.587498985230923E-004;
2.413166666666667E+009;1.818081587553024E-001;-1.704655401408672E-002;-6.609797012060881E-003;-4.950762959197164E-004;
2.413333333333334E+009;1.827932298183441E-001;-1.917660608887672E-002;-6.740458309650421E-003;-3.055977576877922E-004;
2.413500000000000E+009;1.836501657962799E-001;-2.141284197568893E-002;-6.686283741146326E-003;-5.990550107526360E-006;
2.413666666666667E+009;1.848672330379486E-001;-2.354327961802483E-002;-6.691611371934414E-003;4.262819420546293E-004;
2.413833333333334E+009;1.859935075044632E-001;-2.555689774453640E-002;-6.714665330946446E-003;5.809007561765611E-004;
2.414000000000000E+009;1.870714426040649E-001;-2.743750251829624E-002;-6.647675763815641E-003;9.527188376523554E-004;
2.414166666666667E+009;1.883116662502289E-001;-2.919012494385243E-002;-6.648323498666287E-003;1.380659756250680E-003;
2.414333333333334E+009;1.893502175807953E-001;-3.115290030837059E-002;-6.546023767441511E-003;1.545547740533948E-003;
2.414500000000000E+009;1.905867457389832E-001;-3.247376158833504E-002;-6.494505796581507E-003;1.898661255836487E-003;
2.414666666666667E+009;1.919075697660446E-001;-3.402906656265259E-002;-6.202976219356060E-003;2.140258206054568E-003;
2.414833333333334E+009;1.929290294647217E-001;-3.526593372225761E-002;-6.043184082955122E-003;2.386684063822031E-003;
2.415000000000000E+009;1.939664781093597E-001;-3.640300408005714E-002;-6.040818523615599E-003;2.682225313037634E-003;
2.415166666666667E+009;1.953151822090149E-001;-3.765631094574928E-002;-5.851848982274532E-003;2.801856957376003E-003;
2.415333333333334E+009;1.963263899087906E-001;-3.835410624742508E-002;-5.814732983708382E-003;2.978832228109241E-003;
2.415500000000000E+009;1.974510103464127E-001;-3.913405165076256E-002;-5.627863109111786E-003;3.168988507241011E-003;
2.415666666666667E+009;1.984084546566010E-001;-3.989705815911293E-002;-5.403781775385141E-003;3.473252756521106E-003;
2.415833333333334E+009;1.991771310567856E-001;-4.048084467649460E-002;-5.256431642919779E-003;3.642476862296462E-003;
2.416000000000000E+009;2.000114470720291E-001;-4.110546410083771E-002;-4.929067566990852E-003;3.880206262692809E-003;
2.416166666666667E+009;2.007128149271011E-001;-4.166606068611145E-002;-4.815947264432907E-003;3.947300836443901E-003;
2.416333333333334E+009;2.013710290193558E-001;-4.188522323966026E-002;-4.615321289747953E-003;4.062756896018982E-003;
2.416500000000000E+009;2.018344700336456E-001;-4.213840886950493E-002;-4.308235365897417E-003;4.144947975873947E-003;
2.416666666666667E+009;2.020316570997238E-001;-4.245911166071892E-002;-4.100070800632238E-003;4.339403472840786E-003;
2.416833333333334E+009;2.020812034606934E-001;-4.251116886734963E-002;-3.846897045150399E-003;4.584901034832001E-003;
2.417000000000000E+009;2.023262530565262E-001;-4.264174774289131E-002;-3.690448822453618E-003;4.530442412942648E-003;
2.417166666666667E+009;2.019701153039932E-001;-4.252339527010918E-002;-3.353517968207598E-003;4.489079117774963E-003;
2.417333333333334E+009;2.017887234687805E-001;-4.239780455827713E-002;-3.083750605583191E-003;4.525362513959408E-003;
2.417500000000000E+009;2.014432102441788E-001;-4.249067232012749E-002;-2.930401591584086E-003;4.505882039666176E-003;
2.417666666666667E+009;2.008057683706284E-001;-4.231243580579758E-002;-2.829989884048700E-003;4.333395045250654E-003;
2.417833333333334E+009;2.004688084125519E-001;-4.217160865664482E-002;-2.628784161061049E-003;4.309715703129768E-003;
2.418000000000000E+009;1.996699422597885E-001;-4.187112301588059E-002;-2.565258415415883E-003;4.161901306360960E-003;
2.418166666666667E+009;1.989180594682694E-001;-4.194217920303345E-002;-2.419998170807958E-003;4.310348536819220E-003;
2.418333333333334E+009;1.979670077562332E-001;-4.173521697521210E-002;-2.228922443464398E-003;4.234883934259415E-003;
2.418500000000000E+009;1.970005333423615E-001;-4.183967411518097E-002;-2.130048815160990E-003;4.228488542139530E-003;
2.418666666666667E+009;1.961213052272797E-001;-4.174079373478890E-002;-1.962196314707398E-003;3.919448703527451E-003;
2.418833333333334E+009;1.946557164192200E-001;-4.196790605783463E-002;-1.877501490525901E-003;4.014661535620689E-003;
2.419000000000000E+009;1.933547705411911E-001;-4.210834577679634E-002;-2.023980487138033E-003;3.891816828399897E-003;
2.419166666666667E+009;1.921024322509766E-001;-4.251622781157494E-002;-1.978560118004680E-003;3.832771442830563E-003;
2.419333333333334E+009;1.906598359346390E-001;-4.303738102316856E-002;-1.866705133579671E-003;3.709102049469948E-003;
2.419500000000000E+009;1.893525719642639E-001;-4.357028380036354E-002;-1.863926532678306E-003;3.771375864744186E-003;
2.419666666666667E+009;1.876387000083923E-001;-4.428451880812645E-002;-1.880377414636314E-003;3.599861171096563E-003;
2.419833333333334E+009;1.861277520656586E-001;-4.511556029319763E-002;-1.952234422788024E-003;3.805715590715408E-003;
2.420000000000000E+009;1.846359819173813E-001;-4.578724876046181E-002;-2.117785392329097E-003;3.741374704986811E-003;
2.420166666666667E+009;1.829644739627838E-001;-4.693106189370155E-002;-1.950422767549753E-003;3.753988537937403E-003;
2.420333333333334E+009;1.813534498214722E-001;-4.797101393342018E-002;-2.120190532878041E-003;3.742409870028496E-003;
2.420500000000000E+009;1.797136813402176E-001;-4.935331270098686E-002;-2.096868120133877E-003;3.789983456954360E-003;
2.420666666666667E+009;1.780646592378616E-001;-5.054701492190361E-002;-2.169695217162371E-003;3.818916855379939E-003;
2.420833333333334E+009;1.765325665473938E-001;-5.195128545165062E-002;-2.123304875567555E-003;4.076288081705570E-003;
2.421000000000000E+009;1.750765591859818E-001;-5.344545468688011E-002;-2.274866914376617E-003;4.061751533299685E-003;
2.421166666666667E+009;1.739294379949570E-001;-5.519685894250870E-002;-2.302263164892793E-003;4.163755569607019E-003;
2.421333333333334E+009;1.723065525293350E-001;-5.682535469532013E-002;-2.192232990637422E-003;4.611820913851261E-003;
2.421500000000000E+009;1.709085702896118E-001;-5.869643762707710E-002;-2.238939516246319E-003;4.715280141681433E-003;
2.421666666666667E+009;1.698759496212006E-001;-6.038112565875053E-002;-2.048845402896404E-003;4.956898745149374E-003;
2.421833333333334E+009;1.687359511852264E-001;-6.226727366447449E-002;-1.980318687856197E-003;4.991765599697828E-003;
2.422000000000000E+009;1.674704700708389E-001;-6.415301561355591E-002;-1.753472839482129E-003;5.157686304301024E-003;
2.422166666666667E+009;1.668537706136704E-001;-6.620537489652634E-002;-1.615337794646621E-003;5.489388946443796E-003;
2.422333333333334E+009;1.658885180950165E-001;-6.824191659688950E-002;-1.669884542934597E-003;5.599089432507753E-003;
2.422500000000000E+009;1.651145964860916E-001;-7.009980827569962E-002;-1.361999078653753E-003;5.637560971081257E-003;
2.422666666666667E+009;1.645069867372513E-001;-7.207166403532028E-002;-1.322766183875501E-003;5.775435827672482E-003;
2.422833333333334E+009;1.641480177640915E-001;-7.408084720373154E-002;-9.773278143256903E-004;6.089656148105860E-003;
2.423000000000000E+009;1.636939495801926E-001;-7.629214972257614E-002;-9.379552793689072E-004;5.935759283602238E-003;
2.423166666666667E+009;1.633008271455765E-001;-7.819972187280655E-002;-6.764568970538676E-004;6.042767781764269E-003;
2.423333333333334E+009;1.629897356033325E-001;-8.010300248861313E-002;-4.514747124630958E-004;6.084380671381950E-003;
2.423500000000000E+009;1.630908548831940E-001;-8.176448941230774E-002;-1.571693428559229E-004;6.001104600727558E-003;
2.423666666666667E+009;1.630056500434876E-001;-8.380628377199173E-002;8.506951417075470E-005;6.194878835231066E-003;
2.423833333333334E+009;1.629362255334854E-001;-8.552648127079010E-002;1.256792893400416E-004;6.300657056272030E-003;
2.424000000000000E+009;1.631612777709961E-001;-8.725345134735107E-002;3.288040170446038E-004;6.439607124775648E-003;
2.424166666666667E+009;1.631780713796616E-001;-8.868988603353500E-002;7.039551855996251E-004;6.376713514328003E-003;
2.424333333333334E+009;1.635685563087463E-001;-9.021476656198502E-002;9.557951125316322E-004;6.500312592834234E-003;
2.424500000000000E+009;1.638153195381165E-001;-9.197174012660980E-002;1.157166785560548E-003;6.567138712853193E-003;
2.424666666666667E+009;1.640480607748032E-001;-9.320303797721863E-002;1.441505271941423E-003;6.501035299152136E-003;
2.424833333333334E+009;1.645723730325699E-001;-9.448453783988953E-002;1.845787861384451E-003;6.800939328968525E-003;
2.425000000000000E+009;1.649524271488190E-001;-9.572322666645050E-002;2.261506626382470E-003;6.604198366403580E-003;
2.425166666666667E+009;1.651674062013626E-001;-9.677685052156448E-002;2.365717431530356E-003;6.428713910281658E-003;
2.425333333333334E+009;1.655468195676804E-001;-9.771421551704407E-002;2.811019541695714E-003;6.360964383929968E-003;
2.425500000000000E+009;1.660198718309403E-001;-9.859294444322586E-002;2.897948725149036E-003;6.205887068063021E-003;
2.425666666666667E+009;1.663872450590134E-001;-9.929952025413513E-002;3.432258497923613E-003;6.062279921025038E-003;
2.425833333333334E+009;1.666314899921417E-001;-1.000449061393738E-001;3.579868935048580E-003;5.847122054547072E-003;
2.426000000000000E+009;1.670151054859161E-001;-1.004698723554611E-001;3.905472811311483E-003;5.688523408025503E-003;
2.426166666666667E+009;1.673945188522339E-001;-1.010449379682541E-001;4.076512996107340E-003;5.345953628420830E-003;
2.426333333333334E+009;1.673940420150757E-001;-1.014688163995743E-001;4.362331237643957E-003;5.295207258313894E-003;
2.426500000000000E+009;1.678269654512405E-001;-1.018421277403832E-001;4.471083171665669E-003;5.074317101389170E-003;
2.426666666666667E+009;1.679431945085526E-001;-1.020307540893555E-001;4.545548465102911E-003;4.692581947892904E-003;
2.426833333333334E+009;1.682150214910507E-001;-1.024114042520523E-001;4.828003235161305E-003;4.423787817358971E-003;
2.427000000000000E+009;1.682155877351761E-001;-1.025974452495575E-001;4.871410317718983E-003;4.200228489935398E-003;
2.427166666666667E+009;1.681561172008514E-001;-1.025683209300041E-001;5.073988344520330E-003;3.923560492694378E-003;
2.427333333333334E+009;1.678948104381561E-001;-1.029032319784164E-001;5.101744551211596E-003;3.626400837674737E-003;
2.427500000000000E+009;1.677118390798569E-001;-1.029755324125290E-001;5.041557829827070E-003;3.519379533827305E-003;
2.427666666666667E+009;1.673852205276489E-001;-1.031464040279388E-001;5.100197158753872E-003;3.211876610293984E-003;
2.427833333333334E+009;1.669042259454727E-001;-1.032845675945282E-001;5.104563664644957E-003;3.050014609470964E-003;
2.428000000000000E+009;1.663868278264999E-001;-1.035123467445374E-001;5.117243155837059E-003;2.882664557546377E-003;
2.428166666666667E+009;1.659734845161438E-001;-1.036996096372604E-001;5.075050052255392E-003;2.570531563833356E-003;
2.428333333333334E+009;1.651777327060700E-001;-1.040969714522362E-001;5.044915713369846E-003;2.467367798089981E-003;
2.428500000000000E+009;1.642966121435165E-001;-1.042381301522255E-001;5.132523830980063E-003;2.269780728965998E-003;
2.428666666666667E+009;1.635451018810272E-001;-1.046645790338516E-001;5.118231289088726E-003;2.205376513302326E-003;
2.428833333333334E+009;1.624948084354401E-001;-1.050374880433083E-001;5.158273968845606E-003;1.842345343902707E-003;
2.429000000000000E+009;1.614265292882919E-001;-1.056857258081436E-001;5.097608547657728E-003;1.715372200123966E-003;
2.429166666666667E+009;1.601187884807587E-001;-1.060241535305977E-001;4.825030453503132E-003;1.614047912880778E-003;
2.429333333333334E+009;1.585965603590012E-001;-1.066192984580994E-001;4.892055876553059E-003;1.575164264068008E-003;
2.429500000000000E+009;1.574131846427918E-001;-1.074093058705330E-001;5.027648061513901E-003;1.410226803272963E-003;
2.429666666666667E+009;1.559083163738251E-001;-1.079384237527847E-001;4.742707591503859E-003;1.161975553259254E-003;
2.429833333333334E+009;1.543900072574616E-001;-1.088041141629219E-001;4.638939630240202E-003;1.223369850777090E-003;
2.430000000000000E+009;1.527264863252640E-001;-1.096368730068207E-001;4.650168120861054E-003;9.249118738807738E-004;
2.430166666666667E+009;1.510517746210098E-001;-1.104225218296051E-001;4.551862366497517E-003;8.758189505897462E-004;
2.430333333333334E+009;1.494092196226120E-001;-1.113324090838432E-001;4.612011369317770E-003;8.494577486999333E-004;
2.430500000000000E+009;1.476278007030487E-001;-1.121964454650879E-001;4.492838867008686E-003;8.721792837604880E-004;
2.430666666666667E+009;1.462112516164780E-001;-1.131577640771866E-001;4.632775206118822E-003;9.719525114633143E-004;
2.430833333333334E+009;1.445521712303162E-001;-1.140931397676468E-001;4.542340524494648E-003;8.458760567009449E-004;
2.431000000000000E+009;1.430773288011551E-001;-1.152958348393440E-001;4.480426199734211E-003;9.238354978151619E-004;
2.431166666666667E+009;1.413069963455200E-001;-1.162008270621300E-001;4.592009820044041E-003;8.277854067273438E-004;
2.431333333333334E+009;1.402127444744110E-001;-1.174830719828606E-001;4.505767952650785E-003;8.681134786456823E-004;
2.431500000000000E+009;1.390417516231537E-001;-1.187331154942513E-001;4.615459125488997E-003;7.662978605367243E-004;
2.431666666666667E+009;1.376884728670120E-001;-1.199184060096741E-001;4.722346086055040E-003;7.818720769137144E-004;
2.431833333333334E+009;1.367071568965912E-001;-1.208610907196999E-001;4.723984282463789E-003;7.241311250254512E-004;
2.432000000000000E+009;1.356068551540375E-001;-1.224147602915764E-001;4.830303601920605E-003;7.359597948379815E-004;
2.432166666666667E+009;1.347304433584213E-001;-1.238016188144684E-001;5.063279066234827E-003;6.670615985058248E-004;
2.432333333333334E+009;1.338919699192047E-001;-1.250855177640915E-001;5.160072818398476E-003;4.927283735014498E-004;
2.432500000000000E+009;1.331303715705872E-001;-1.265702992677689E-001;5.225235130637884E-003;3.752315824385732E-004;
2.432666666666667E+009;1.326116174459457E-001;-1.279647350311279E-001;5.376797635108233E-003;1.309937797486782E-004;
2.432833333333334E+009;1.322008818387985E-001;-1.292845904827118E-001;5.342434626072645E-003;-4.196539521217346E-005;
2.433000000000000E+009;1.317632943391800E-001;-1.307691335678101E-001;5.684578325599432E-003;-2.148765488527715E-004;
2.433166666666667E+009;1.313235312700272E-001;-1.321383863687515E-001;5.680498201400042E-003;-4.573604092001915E-004;
2.433333333333334E+009;1.310718208551407E-001;-1.333913505077362E-001;5.784943234175444E-003;-7.512057782150805E-004;
2.433500000000000E+009;1.307543069124222E-001;-1.349947452545166E-001;5.695043597370386E-003;-1.028502709232271E-003;
2.433666666666667E+009;1.305905431509018E-001;-1.360676437616348E-001;5.540559999644756E-003;-1.042713061906397E-003;
2.433833333333334E+009;1.304302364587784E-001;-1.374846845865250E-001;5.477460566908121E-003;-1.568118226714432E-003;
2.434000000000000E+009;1.304601132869721E-001;-1.385115087032318E-001;5.577614530920982E-003;-1.668656244874001E-003;
2.434166666666667E+009;1.303379237651825E-001;-1.395032405853272E-001;5.417562089860439E-003;-1.668916898779571E-003;
2.434333333333334E+009;1.302734464406967E-001;-1.404302865266800E-001;5.184913054108620E-003;-2.177401911467314E-003;
2.434500000000000E+009;1.304306536912918E-001;-1.411997079849243E-001;5.132205318659544E-003;-2.232185797765851E-003;
2.434666666666667E+009;1.305920779705048E-001;-1.420420408248901E-001;4.985046572983265E-003;-2.458735136315227E-003;
2.434833333333334E+009;1.307881623506546E-001;-1.425209641456604E-001;4.814085084944964E-003;-2.544065937399864E-003;
2.435000000000000E+009;1.310372054576874E-001;-1.430697888135910E-001;4.660452716052532E-003;-2.730691339820623E-003;
2.435166666666667E+009;1.312486678361893E-001;-1.435192823410034E-001;4.622291307896376E-003;-2.725630532950163E-003;
2.435333333333334E+009;1.314960867166519E-001;-1.439935415983200E-001;4.459874704480171E-003;-2.871972043067217E-003;
2.435500000000000E+009;1.318145245313644E-001;-1.440936774015427E-001;4.504841286689043E-003;-2.888578455895186E-003;
2.435666666666667E+009;1.320874691009522E-001;-1.444388031959534E-001;4.344496876001358E-003;-3.016741480678320E-003;
2.435833333333334E+009;1.323455572128296E-001;-1.445083171129227E-001;4.294657148420811E-003;-3.124741837382317E-003;
2.436000000000000E+009;1.324959993362427E-001;-1.445279568433762E-001;4.153816495090723E-003;-3.295349422842264E-003;
2.436166666666667E+009;1.326534152030945E-001;-1.446376293897629E-001;4.089284688234329E-003;-3.420825349166989E-003;
2.436333333333334E+009;1.326513737440109E-001;-1.445615887641907E-001;3.881807904690504E-003;-3.457247046753764E-003;
2.436500000000000E+009;1.326854825019836E-001;-1.442443430423737E-001;3.840279299765825E-003;-3.484386950731278E-003;
2.436666666666667E+009;1.326034665107727E-001;-1.439029872417450E-001;3.755182027816773E-003;-3.668296383693814E-003;
2.436833333333334E+009;1.323616504669190E-001;-1.436839848756790E-001;3.585472470149398E-003;-3.699596272781491E-003;
2.437000000000000E+009;1.321590095758438E-001;-1.433148235082626E-001;3.443039488047361E-003;-3.873462090268731E-003;
2.437166666666667E+009;1.317534148693085E-001;-1.429476290941238E-001;3.369386307895184E-003;-3.823766252025962E-003;
2.437333333333334E+009;1.314066350460053E-001;-1.425675302743912E-001;3.233727300539613E-003;-3.854939481243491E-003;
2.437500000000000E+009;1.309785395860672E-001;-1.417791098356247E-001;3.042774740606546E-003;-3.767498536035419E-003;
2.437666666666667E+009;1.303415447473526E-001;-1.412746012210846E-001;3.033370943740010E-003;-4.002375993877649E-003;
2.437833333333334E+009;1.295387446880341E-001;-1.406675279140472E-001;2.867522416636348E-003;-3.963032271713018E-003;
2.438000000000000E+009;1.289156824350357E-001;-1.400721669197083E-001;2.686351770535111E-003;-4.053440876305103E-003;
2.438166666666667E+009;1.281588524580002E-001;-1.395122855901718E-001;2.548013580963016E-003;-4.100640770047903E-003;
2.438333333333334E+009;1.269847452640533E-001;-1.389923244714737E-001;2.422238001599908E-003;-4.031870048493147E-003;
2.438500000000000E+009;1.261789202690125E-001;-1.382635235786438E-001;2.455251058563590E-003;-4.328497219830751E-003;
2.438666666666667E+009;1.248481348156929E-001;-1.379093080759049E-001;2.326255431398749E-003;-4.249599296599627E-003;
2.438833333333334E+009;1.237765178084374E-001;-1.374454051256180E-001;2.192306332290173E-003;-4.296081606298685E-003;
2.439000000000000E+009;1.225313916802406E-001;-1.371287107467651E-001;2.130444627255201E-003;-4.377704579383135E-003;
2.439166666666667E+009;1.213047280907631E-001;-1.366685032844544E-001;1.998696476221085E-003;-4.280185792595148E-003;
2.439333333333334E+009;1.197949945926666E-001;-1.365756839513779E-001;1.784880529157817E-003;-4.250350873917341E-003;
2.439500000000000E+009;1.184510663151741E-001;-1.365126669406891E-001;1.853811903856695E-003;-4.345141351222992E-003;
2.439666666666667E+009;1.169815137982369E-001;-1.363951265811920E-001;1.888196333311498E-003;-4.278895445168018E-003;
2.439833333333334E+009;1.154867336153984E-001;-1.364529728889465E-001;1.897960552014411E-003;-4.261770751327276E-003;
2.440000000000000E+009;1.139332875609398E-001;-1.367080360651016E-001;1.766160828992724E-003;-4.309848882257938E-003;
2.440166666666667E+009;1.124017089605331E-001;-1.370115280151367E-001;1.605920027941465E-003;-4.499294329434633E-003;
2.440333333333334E+009;1.109643056988716E-001;-1.372410207986832E-001;1.590167288668454E-003;-4.446091596037149E-003;
2.440500000000000E+009;1.091151013970375E-001;-1.378787159919739E-001;1.507393550127745E-003;-4.523815587162972E-003;
2.440666666666667E+009;1.076011061668396E-001;-1.384331285953522E-001;1.558378688059747E-003;-4.503659438341856E-003;
2.440833333333334E+009;1.060013249516487E-001;-1.390358507633209E-001;1.468595815822482E-003;-4.631357733160257E-003;
2.441000000000000E+009;1.044301986694336E-001;-1.398746222257614E-001;1.385830109938979E-003;-4.652165807783604E-003;
2.441166666666667E+009;1.031472012400627E-001;-1.408536732196808E-001;1.282899174839258E-003;-4.762537777423859E-003;
2.441333333333334E+009;1.013270318508148E-001;-1.420006006956101E-001;1.318390830419958E-003;-4.678815137594938E-003;
2.441500000000000E+009;9.997159242630005E-002;-1.430807262659073E-001;1.171956537291408E-003;-4.793363623321056E-003;
2.441666666666667E+009;9.847018867731094E-002;-1.442191600799561E-001;1.094958512112498E-003;-4.863447975367308E-003;
2.441833333333334E+009;9.702869504690170E-002;-1.454675495624542E-001;1.119908876717091E-003;-5.031872540712357E-003;
2.442000000000000E+009;9.569355845451355E-002;-1.469184160232544E-001;9.326153667643666E-004;-5.075605120509863E-003;
2.442166666666667E+009;9.463212639093399E-002;-1.481127589941025E-001;7.832307019270957E-004;-5.095597822219133E-003;
2.442333333333334E+009;9.333507716655731E-002;-1.494849771261215E-001;7.243750733323395E-004;-5.267221014946699E-003;
2.442500000000000E+009;9.225076436996460E-002;-1.508558839559555E-001;5.441699759103358E-004;-5.354690365493298E-003;
2.442666666666667E+009;9.136100858449936E-002;-1.523256897926331E-001;4.811464168597013E-004;-5.471612792462111E-003;
2.442833333333334E+009;9.031937271356583E-002;-1.537216901779175E-001;3.862324520014226E-004;-5.507575348019600E-003;
2.443000000000000E+009;8.963301032781601E-002;-1.552065312862396E-001;4.954040559823625E-005;-5.646810401231051E-003;
2.443166666666667E+009;8.872939646244049E-002;-1.566682755947113E-001;1.458552287658677E-004;-5.749496631324291E-003;
2.443333333333334E+009;8.819182962179184E-002;-1.580926626920700E-001;-1.269252825295553E-004;-5.707283504307270E-003;
2.443500000000000E+009;8.746498078107834E-002;-1.595094054937363E-001;-2.916622906923294E-004;-6.036263890564442E-003;
2.443666666666667E+009;8.713013678789139E-002;-1.608885973691940E-001;-5.126355681568384E-004;-6.149773020297289E-003;
2.443833333333334E+009;8.654814958572388E-002;-1.622698158025742E-001;-8.412448223680258E-004;-6.207257043570280E-003;
2.444000000000000E+009;8.617445081472397E-002;-1.634361743927002E-001;-1.141359214670956E-003;-6.126648746430874E-003;
2.444166666666667E+009;8.582821488380432E-002;-1.645639389753342E-001;-1.305676298215985E-003;-6.298124790191650E-003;
2.444333333333334E+009;8.543061465024948E-002;-1.655844599008560E-001;-1.661810209043324E-003;-6.429262924939394E-003;
2.444500000000000E+009;8.505561202764511E-002;-1.665583848953247E-001;-2.074054675176740E-003;-6.299986038357019E-003;
2.444666666666667E+009;8.511564135551453E-002;-1.674405932426453E-001;-2.520553069189191E-003;-6.300281267613173E-003;
2.444833333333334E+009;8.486903458833695E-002;-1.681139171123505E-001;-2.675884636119008E-003;-6.180466618388891E-003;
2.445000000000000E+009;8.468570560216904E-002;-1.687671095132828E-001;-3.146917093545198E-003;-5.965834949165583E-003;
2.445166666666667E+009;8.473351597785950E-002;-1.694181561470032E-001;-3.419664222747088E-003;-5.782788619399071E-003;
2.445333333333334E+009;8.458860218524933E-002;-1.697219908237457E-001;-3.736837999895215E-003;-5.511977244168520E-003;
2.445500000000000E+009;8.461420238018036E-002;-1.701040565967560E-001;-4.015678074210882E-003;-5.289727821946144E-003;
2.445666666666667E+009;8.464764803647995E-002;-1.703741848468781E-001;-4.049937240779400E-003;-5.129472818225622E-003;
2.445833333333334E+009;8.475029468536377E-002;-1.704949587583542E-001;-4.388127941638231E-003;-4.749697167426348E-003;
2.446000000000000E+009;8.483910560607910E-002;-1.706316769123077E-001;-4.525100346654654E-003;-4.539388697594404E-003;
2.446166666666667E+009;8.486264199018478E-002;-1.705075651407242E-001;-4.540102556347847E-003;-4.379388410598040E-003;
2.446333333333334E+009;8.478594571352005E-002;-1.704497635364533E-001;-4.645654466003180E-003;-3.962508868426085E-003;
2.446500000000000E+009;8.478869497776032E-002;-1.705025136470795E-001;-4.798904061317444E-003;-3.636478679254651E-003;
2.446666666666667E+009;8.460389077663422E-002;-1.700558364391327E-001;-4.877282306551933E-003;-3.424068912863731E-003;
2.446833333333334E+009;8.437345176935196E-002;-1.696287393569946E-001;-4.775504581630230E-003;-3.140409244224429E-003;
2.447000000000000E+009;8.408799767494202E-002;-1.693397164344788E-001;-4.778696224093437E-003;-3.191948868334293E-003;
2.447166666666667E+009;8.387794345617294E-002;-1.688648909330368E-001;-4.809779580682516E-003;-2.711184788495302E-003;
2.447333333333334E+009;8.332786709070206E-002;-1.684166342020035E-001;-4.851405974477530E-003;-2.797349356114864E-003;
2.447500000000000E+009;8.291907608509064E-002;-1.678696423768997E-001;-4.787753336131573E-003;-2.517499960958958E-003;
2.447666666666667E+009;8.229564130306244E-002;-1.672662943601608E-001;-4.896203987300396E-003;-2.273841993883252E-003;
2.447833333333334E+009;8.160757273435593E-002;-1.666171848773956E-001;-4.916039295494556E-003;-2.065689070150256E-003;
2.448000000000000E+009;8.101134747266769E-002;-1.661770641803742E-001;-4.677561111748219E-003;-1.970623619854450E-003;
2.448166666666667E+009;8.011704683303833E-002;-1.656072288751602E-001;-4.836430307477713E-003;-1.888786442577839E-003;
2.448333333333334E+009;7.944834232330322E-002;-1.651637405157089E-001;-4.871354438364506E-003;-1.609768369235098E-003;
2.448500000000000E+009;7.821810245513916E-002;-1.647156327962875E-001;-4.725895356386900E-003;-1.558276708237827E-003;
2.448666666666667E+009;7.722486555576325E-002;-1.642145216464996E-001;-4.753199871629477E-003;-1.505056163296104E-003;
2.448833333333334E+009;7.590204477310181E-002;-1.638434529304504E-001;-4.778784234076738E-003;-1.281802542507649E-003;
2.449000000000000E+009;7.457876205444336E-002;-1.634920239448547E-001;-4.638411104679108E-003;-1.101648900657892E-003;
2.449166666666667E+009;7.310298085212708E-002;-1.631559729576111E-001;-4.405569285154343E-003;-1.019142102450132E-003;
2.449333333333334E+009;7.159379869699478E-002;-1.630647182464600E-001;-4.506937693804503E-003;-8.373785531148315E-004;
2.449500000000000E+009;6.992337852716446E-002;-1.628621071577072E-001;-4.390697926282883E-003;-8.470822940580547E-004;
2.449666666666667E+009;6.818646937608719E-002;-1.623767912387848E-001;-4.368687048554421E-003;-7.642093114554882E-004;
2.449833333333334E+009;6.640690565109253E-002;-1.624822169542313E-001;-4.272685386240482E-003;-8.417176431976259E-004;
2.450000000000000E+009;6.461328268051148E-002;-1.625082343816757E-001;-4.151667933911085E-003;-7.133961189538240E-004;
2.450166666666667E+009;6.263030320405960E-002;-1.626003235578537E-001;-4.076046403497458E-003;-6.914548575878143E-004;
2.450333333333334E+009;6.102433428168297E-002;-1.626119911670685E-001;-3.947500139474869E-003;-6.320148240774870E-004;
2.450500000000000E+009;5.909080058336258E-002;-1.631029248237610E-001;-3.916681744158268E-003;-7.532146410085261E-004;
2.450666666666667E+009;5.719837173819542E-002;-1.631924808025360E-001;-3.963109105825424E-003;-9.124620119109750E-004;
2.450833333333334E+009;5.543057993054390E-002;-1.637672483921051E-001;-4.000724293291569E-003;-8.936153026297689E-004;
2.451000000000000E+009;5.351755023002625E-002;-1.641379892826080E-001;-4.042430780827999E-003;-9.090432431548834E-004;
2.451166666666667E+009;5.197280645370483E-002;-1.648264527320862E-001;-3.988198004662991E-003;-1.029815059155226E-003;
2.451333333333334E+009;5.020941793918610E-002;-1.655220836400986E-001;-4.027232527732849E-003;-1.032042200677097E-003;
2.451500000000000E+009;4.881035909056664E-002;-1.663952171802521E-001;-4.347227048128843E-003;-8.304163347929716E-004;
2.451666666666667E+009;4.698587954044342E-002;-1.670800745487213E-001;-4.463691730052233E-003;-1.064435695298016E-003;
2.451833333333334E+009;4.539568722248077E-002;-1.683613210916519E-001;-4.541315604001284E-003;-9.855924872681499E-004;
2.452000000000000E+009;4.406563565135002E-002;-1.692048460245132E-001;-4.733291920274496E-003;-9.027787600643933E-004;
2.452166666666667E+009;4.302939400076866E-002;-1.704595088958740E-001;-4.710420034825802E-003;-7.332619279623032E-004;
2.452333333333334E+009;4.189744591712952E-002;-1.715894788503647E-001;-4.915020894259214E-003;-7.206033333204687E-004;
2.452500000000000E+009;4.069382697343826E-002;-1.728106737136841E-001;-5.134663544595242E-003;-4.902540240436792E-004;
2.452666666666667E+009;3.980661928653717E-002;-1.740560233592987E-001;-5.104074720293284E-003;-3.328029124531895E-004;
2.452833333333334E+009;3.873558714985848E-002;-1.754020303487778E-001;-5.190250463783741E-003;-9.241087536793202E-005;
2.453000000000000E+009;3.798271715641022E-002;-1.765806823968887E-001;-5.310929380357266E-003;1.120426459237933E-004;
2.453166666666667E+009;3.736129403114319E-002;-1.779286712408066E-001;-5.393451545387507E-003;2.000457461690530E-004;
2.453333333333334E+009;3.678014129400253E-002;-1.792772412300110E-001;-5.330694373697043E-003;3.718065563589335E-004;
2.453500000000000E+009;3.626802936196327E-002;-1.806533038616180E-001;-5.363469943404198E-003;5.812028539367020E-004;
2.453666666666667E+009;3.609498217701912E-002;-1.821054965257645E-001;-5.395937711000443E-003;6.950750830583274E-004;
2.453833333333334E+009;3.563221916556358E-002;-1.831145733594894E-001;-5.358712747693062E-003;7.211830234155059E-004;
2.454000000000000E+009;3.540037199854851E-002;-1.844613552093506E-001;-5.469138268381357E-003;1.212127390317619E-003;
2.454166666666667E+009;3.531997278332710E-002;-1.855018138885498E-001;-5.359100643545389E-003;1.216642442159355E-003;
2.454333333333334E+009;3.534199669957161E-002;-1.868280768394470E-001;-5.489408038556576E-003;1.365187577903271E-003;
2.454500000000000E+009;3.544504195451737E-002;-1.874987334012985E-001;-5.504030268639326E-003;1.475684228353202E-003;
2.454666666666667E+009;3.555798530578613E-002;-1.884653568267822E-001;-5.301206838339567E-003;1.754016499035060E-003;
2.454833333333334E+009;3.574614599347115E-002;-1.893605589866638E-001;-5.442569032311440E-003;1.923641422763467E-003;
2.455000000000000E+009;3.605536743998528E-002;-1.903804540634155E-001;-5.485445726662874E-003;2.064160769805312E-003;
2.455166666666667E+009;3.640937805175781E-002;-1.911080777645111E-001;-5.606842692941427E-003;2.367307664826512E-003;
2.455333333333334E+009;3.678464889526367E-002;-1.916794478893280E-001;-5.463111680001020E-003;2.583235735073686E-003;
2.455500000000000E+009;3.712122142314911E-002;-1.920072287321091E-001;-5.405868403613567E-003;2.834870014339685E-003;
2.455666666666667E+009;3.745066747069359E-002;-1.924158781766892E-001;-5.263745319098234E-003;2.916557714343071E-003;
2.455833333333334E+009;3.784885257482529E-002;-1.926978677511215E-001;-5.268018227070570E-003;3.187758382409811E-003;
2.456000000000000E+009;3.814515098929405E-002;-1.929555237293243E-001;-5.083441268652678E-003;3.452944336459041E-003;
2.456166666666667E+009;3.847949206829071E-002;-1.930887997150421E-001;-5.121478345245123E-003;3.755189478397369E-003;
2.456333333333334E+009;3.873689845204353E-002;-1.930696517229080E-001;-4.941384773701429E-003;4.018565174192190E-003;
2.456500000000000E+009;3.878255560994148E-002;-1.928107291460037E-001;-4.856652580201626E-003;4.196862690150738E-003;
2.456666666666667E+009;3.895368054509163E-002;-1.926372051239014E-001;-4.718047101050615E-003;4.275354556739330E-003;
2.456833333333334E+009;3.892530873417854E-002;-1.921371072530747E-001;-4.590364638715982E-003;4.494416527450085E-003;
2.457000000000000E+009;3.904627636075020E-002;-1.918035000562668E-001;-4.165303893387318E-003;4.581779707223177E-003;
2.457166666666667E+009;3.878669440746307E-002;-1.913086771965027E-001;-4.103769548237324E-003;4.937528632581234E-003;
2.457333333333334E+009;3.871648013591766E-002;-1.906906366348267E-001;-3.902547294273973E-003;5.074521061033011E-003;
2.457500000000000E+009;3.842330724000931E-002;-1.898297667503357E-001;-3.707277355715632E-003;5.192548036575317E-003;
2.457666666666667E+009;3.804531320929527E-002;-1.889727115631104E-001;-3.611046588048339E-003;5.293595604598522E-003;
2.457833333333334E+009;3.727060556411743E-002;-1.881607472896576E-001;-3.196432488039136E-003;5.524620879441500E-003;
2.458000000000000E+009;3.680691868066788E-002;-1.871755421161652E-001;-3.014584770426154E-003;5.564921535551548E-003;
2.458166666666667E+009;3.614835068583489E-002;-1.861353218555450E-001;-2.786519704386592E-003;5.584077443927527E-003;
2.458333333333334E+009;3.523652628064156E-002;-1.852116584777832E-001;-2.414087997749448E-003;5.650629289448261E-003;
2.458500000000000E+009;3.422430902719498E-002;-1.838856935501099E-001;-2.338483929634094E-003;5.681762006133795E-003;
2.458666666666667E+009;3.333310410380364E-002;-1.829669326543808E-001;-2.047628862783313E-003;5.777367856353521E-003;
2.458833333333334E+009;3.209955245256424E-002;-1.815569847822189E-001;-1.915267435833812E-003;5.667279940098524E-003;
2.459000000000000E+009;3.084621764719486E-002;-1.806795895099640E-001;-1.716318074613810E-003;5.746679380536079E-003;
2.459166666666667E+009;2.919213473796845E-002;-1.793390065431595E-001;-1.651778700761497E-003;5.752128083258867E-003;
2.459333333333334E+009;2.781655825674534E-002;-1.782754212617874E-001;-1.311068306677043E-003;5.844885949045420E-003;
2.459500000000000E+009;2.623425424098969E-002;-1.773265451192856E-001;-1.134910271503031E-003;5.691886879503727E-003;
2.459666666666667E+009;2.451746352016926E-002;-1.765751689672470E-001;-9.383861324749887E-004;5.782567430287600E-003;
2.459833333333334E+009;2.296667359769344E-002;-1.754262149333954E-001;-8.454379276372492E-004;5.689849611371756E-003;
2.460000000000000E+009;2.112299017608166E-002;-1.747201532125473E-001;-6.623394438065589E-004;5.613206420093775E-003;
2.460166666666667E+009;1.907643117010593E-002;-1.738822162151337E-001;-4.584338748827577E-004;5.632080137729645E-003;
2.460333333333334E+009;1.695926859974861E-002;-1.733344346284866E-001;-2.296181919518858E-004;5.645433440804482E-003;
2.460500000000000E+009;1.516695413738489E-002;-1.726659983396530E-001;-7.021690544206649E-005;5.380852613598108E-003;
2.460666666666667E+009;1.286660134792328E-002;-1.722353547811508E-001;6.038132414687425E-005;5.354351364076138E-003;
2.460833333333334E+009;1.076553761959076E-002;-1.718961447477341E-001;5.536287790164352E-005;5.097914021462202E-003;
2.461000000000000E+009;8.606601506471634E-003;-1.718512922525406E-001;2.882433000195306E-005;5.257808137685061E-003;
2.461166666666667E+009;6.190794054418802E-003;-1.717849373817444E-001;3.242715029045939E-004;5.141983274370432E-003;
2.461333333333334E+009;4.040896426886320E-003;-1.717379093170166E-001;3.122108464594930E-004;5.069879814982414E-003;
2.461500000000000E+009;1.869911095127463E-003;-1.720704287290573E-001;2.352808805881068E-004;5.101149436086416E-003;
2.461666666666667E+009;-4.250213969498873E-004;-1.722437292337418E-001;3.421697183512151E-004;4.998981021344662E-003;
2.461833333333334E+009;-2.867172937840223E-003;-1.727383583784103E-001;4.044245288241655E-004;5.114123690873385E-003;
2.462000000000000E+009;-5.071747582405806E-003;-1.731813699007034E-001;3.470091905910522E-004;5.118947476148605E-003;
2.462166666666667E+009;-7.342462427914143E-003;-1.738394498825073E-001;3.491205861791968E-004;5.060179624706507E-003;
2.462333333333334E+009;-9.502717293798924E-003;-1.741792559623718E-001;4.000532208010554E-004;5.288990214467049E-003;
2.462500000000000E+009;-1.172577030956745E-002;-1.749977618455887E-001;4.972090828232467E-004;5.357800517231226E-003;
2.462666666666667E+009;-1.369713246822357E-002;-1.758740097284317E-001;6.197657203301787E-004;5.531131289899349E-003;
2.462833333333334E+009;-1.575906015932560E-002;-1.766312718391419E-001;7.822885527275503E-004;5.396849941462278E-003;
2.463000000000000E+009;-1.767113432288170E-002;-1.774880588054657E-001;9.375803056173027E-004;5.621575284749270E-003;
2.463166666666667E+009;-1.933493092656136E-002;-1.780593395233154E-001;1.145064597949386E-003;5.718366708606482E-003;
2.463333333333334E+009;-2.121411077678204E-002;-1.792486906051636E-001;1.415311708115041E-003;5.750745534896851E-003;
2.463500000000000E+009;-2.288037724792957E-002;-1.799056380987167E-001;1.606587320566177E-003;5.844060331583023E-003;
2.463666666666667E+009;-2.435360662639141E-002;-1.808798462152481E-001;1.790300710126758E-003;5.707122385501862E-003;
2.463833333333334E+009;-2.550292201340199E-002;-1.815529465675354E-001;2.139356685802341E-003;5.797247868031263E-003;
2.464000000000000E+009;-2.683651447296143E-002;-1.824571937322617E-001;2.382498933002353E-003;5.737856496125460E-003;
2.464166666666667E+009;-2.807664684951305E-002;-1.831582486629486E-001;2.717526163905859E-003;5.642525386065245E-003;
2.464333333333334E+009;-2.913996577262878E-002;-1.839827448129654E-001;3.112654667347670E-003;5.557006690651178E-003;
2.464500000000000E+009;-3.003021888434887E-002;-1.846667528152466E-001;3.412537509575486E-003;5.364294163882732E-003;
2.464666666666667E+009;-3.071731887757778E-002;-1.852466166019440E-001;3.442270448431373E-003;5.317279137670994E-003;
2.464833333333334E+009;-3.137449920177460E-002;-1.858941167593002E-001;3.595644142478705E-003;5.101733375340700E-003;
2.465000000000000E+009;-3.200415149331093E-002;-1.861795634031296E-001;3.737800521776080E-003;4.867109935730696E-003;
2.465166666666667E+009;-3.243665397167206E-002;-1.868786662817001E-001;3.959556575864554E-003;4.501780960708857E-003;
2.465333333333334E+009;-3.269606456160545E-002;-1.871643513441086E-001;4.191785119473934E-003;4.418184049427509E-003;
2.465500000000000E+009;-3.292053937911987E-002;-1.875764131546021E-001;4.284726921468973E-003;4.168039187788963E-003;
2.465666666666667E+009;-3.343295678496361E-002;-1.878448128700256E-001;4.303527530282736E-003;3.995278384536505E-003;
2.465833333333334E+009;-3.355276212096214E-002;-1.882442384958267E-001;4.425998311489821E-003;3.881934797391295E-003;
2.466000000000000E+009;-3.383012488484383E-002;-1.881631761789322E-001;4.623378161340952E-003;3.595821792259812E-003;
2.466166666666667E+009;-3.397149220108986E-002;-1.883525699377060E-001;4.617502447217703E-003;3.443856723606587E-003;
2.466333333333334E+009;-3.412119671702385E-002;-1.882402896881104E-001;4.695987794548273E-003;3.355537075549364E-003;
2.466500000000000E+009;-3.415390849113464E-002;-1.879002898931503E-001;4.518379922956228E-003;3.132640849798918E-003;
2.466666666666667E+009;-3.415049612522125E-002;-1.876945644617081E-001;4.728442523628473E-003;2.902980428189039E-003;
2.466833333333334E+009;-3.424292430281639E-002;-1.872757226228714E-001;4.676868207752705E-003;2.848330885171890E-003;
2.467000000000000E+009;-3.446809202432632E-002;-1.868629604578018E-001;4.730431362986565E-003;2.688247710466385E-003;
2.467166666666667E+009;-3.472095355391502E-002;-1.862187981605530E-001;4.835491999983788E-003;2.533610211685300E-003;
2.467333333333334E+009;-3.475373238325119E-002;-1.856428682804108E-001;4.772454965859652E-003;2.568410011008382E-003;
2.467500000000000E+009;-3.484018519520760E-002;-1.850145906209946E-001;4.680737853050232E-003;2.411009510979056E-003;
2.467666666666667E+009;-3.515662625432015E-002;-1.840379834175110E-001;4.783207084983587E-003;2.209296682849526E-003;
2.467833333333334E+009;-3.541352972388268E-002;-1.832104623317719E-001;4.780294839292765E-003;2.122771227732301E-003;
2.468000000000000E+009;-3.578594699501991E-002;-1.824318468570709E-001;4.844322334975004E-003;1.865609316155314E-003;
2.468166666666667E+009;-3.634206578135490E-002;-1.815340071916580E-001;4.944621119648218E-003;1.852767425589263E-003;
2.468333333333334E+009;-3.684641420841217E-002;-1.805488914251328E-001;5.014332477003336E-003;1.685186987742782E-003;
2.468500000000000E+009;-3.737425804138184E-002;-1.795756369829178E-001;5.012400448322296E-003;1.541703008115292E-003;
2.468666666666667E+009;-3.819204121828079E-002;-1.784875988960266E-001;4.972757305949926E-003;1.284096040762961E-003;
2.468833333333334E+009;-3.895228728652000E-002;-1.776399761438370E-001;5.061089526861906E-003;1.165570109151304E-003;
2.469000000000000E+009;-3.992269560694695E-002;-1.765532493591309E-001;4.965471569448710E-003;8.708937675692141E-004;
2.469166666666667E+009;-4.093771055340767E-002;-1.754652410745621E-001;5.018357653170824E-003;8.655816200189292E-004;
2.469333333333334E+009;-4.224824532866478E-002;-1.743191927671433E-001;4.957912489771843E-003;6.932340329512954E-004;
2.469500000000000E+009;-4.363324493169785E-002;-1.734019219875336E-001;4.876553080976009E-003;5.860521341674030E-004;
2.469666666666667E+009;-4.471185058355331E-002;-1.724237948656082E-001;4.757849033921957E-003;4.128110595047474E-004;
2.469833333333334E+009;-4.613726958632469E-002;-1.710974127054215E-001;4.591384436935186E-003;2.210758102592081E-004;
2.470000000000000E+009;-4.765857011079788E-002;-1.702242493629456E-001;4.561495501548052E-003;1.796322321752086E-004;
2.470166666666667E+009;-4.952101409435272E-002;-1.692601293325424E-001;4.558958578854799E-003;3.042241733055562E-004;
2.470333333333334E+009;-5.098291486501694E-002;-1.684314459562302E-001;4.529154393821955E-003;2.220359310740605E-004;
2.470500000000000E+009;-5.279349163174629E-002;-1.675092130899429E-001;4.421881400048733E-003;1.165114299510606E-004;
2.470666666666667E+009;-5.465732514858246E-002;-1.664274632930756E-001;4.460728727281094E-003;1.532927853986621E-004;
2.470833333333334E+009;-5.652745813131332E-002;-1.657468378543854E-001;4.394186660647392E-003;8.661844913149253E-005;
2.471000000000000E+009;-5.843428149819374E-002;-1.649392843246460E-001;4.299920052289963E-003;9.073202090803534E-005;
2.471166666666667E+009;-6.041770800948143E-002;-1.643973141908646E-001;4.466969519853592E-003;9.360074909636751E-005;
2.471333333333334E+009;-6.220330297946930E-002;-1.634438186883926E-001;4.507163539528847E-003;-1.000057727651438E-005;
2.471500000000000E+009;-6.411037594079971E-002;-1.629063487052918E-001;4.662058316171169E-003;6.982468767091632E-005;
2.471666666666667E+009;-6.612454354763031E-002;-1.623614281415939E-001;4.643643274903297E-003;-5.735559625463793E-006;
2.471833333333334E+009;-6.802711635828018E-002;-1.619839817285538E-001;4.654653836041689E-003;-1.278539275517687E-004;
2.472000000000000E+009;-6.988240778446198E-002;-1.615069508552551E-001;4.727438092231751E-003;-6.715218478348106E-005;
2.472166666666667E+009;-7.155475020408630E-002;-1.613284498453140E-001;4.652739502489567E-003;-8.840412920108065E-005;
2.472333333333334E+009;-7.355874031782150E-002;-1.608405709266663E-001;4.802598152309656E-003;-3.511601244099438E-004;
2.472500000000000E+009;-7.513502240180969E-002;-1.605814248323441E-001;4.784925375133753E-003;-3.693279577419162E-004;
2.472666666666667E+009;-7.695647329092026E-002;-1.605362296104431E-001;4.921794403344393E-003;-4.559111548587680E-004;
2.472833333333334E+009;-7.864402234554291E-002;-1.602204144001007E-001;4.961761645972729E-003;-6.405092426575720E-004;
2.473000000000000E+009;-8.009397983551025E-002;-1.603057831525803E-001;5.161723587661982E-003;-7.826813962310553E-004;
2.473166666666667E+009;-8.147590607404709E-002;-1.604669690132141E-001;5.132546648383141E-003;-8.555335807614029E-004;
2.473333333333334E+009;-8.279242366552353E-002;-1.603072434663773E-001;5.210821516811848E-003;-9.749562013894320E-004;
2.473500000000000E+009;-8.419676870107651E-002;-1.602673083543778E-001;5.219059530645609E-003;-1.112811733037233E-003;
2.473666666666667E+009;-8.545303344726563E-002;-1.604414880275726E-001;5.269770510494709E-003;-1.319453585892916E-003;
2.473833333333334E+009;-8.665826916694641E-002;-1.605308651924133E-001;5.388563033193350E-003;-1.445269444957376E-003;
2.474000000000000E+009;-8.770903944969177E-002;-1.603627204895020E-001;5.380190908908844E-003;-1.680731424130499E-003;
2.474166666666667E+009;-8.867942541837692E-002;-1.606386303901672E-001;5.461384542286396E-003;-1.886481069959700E-003;
2.474333333333334E+009;-8.948896080255508E-002;-1.603312343358994E-001;5.389160942286253E-003;-2.145381411537528E-003;
2.474500000000000E+009;-9.037917852401733E-002;-1.604977548122406E-001;5.369999445974827E-003;-2.188826445490122E-003;
2.474666666666667E+009;-9.108121693134308E-002;-1.604110747575760E-001;5.250555463135243E-003;-2.569293603301048E-003;
2.474833333333334E+009;-9.151432663202286E-002;-1.601765155792236E-001;5.296893883496523E-003;-2.796259475871921E-003;
2.475000000000000E+009;-9.215231239795685E-002;-1.600428372621536E-001;5.421111360192299E-003;-3.056098707020283E-003;
2.475166666666667E+009;-9.266767650842667E-002;-1.597340255975723E-001;5.014149006456137E-003;-3.217388177290559E-003;
2.475333333333334E+009;-9.310372173786163E-002;-1.597382873296738E-001;5.079150665551424E-003;-3.347706515341997E-003;
2.475500000000000E+009;-9.334615617990494E-002;-1.594653427600861E-001;4.824564792215824E-003;-3.558048279955983E-003;
2.475666666666667E+009;-9.355366975069046E-002;-1.590005308389664E-001;4.794319160282612E-003;-3.851450979709625E-003;
2.475833333333334E+009;-9.400971978902817E-002;-1.584006249904633E-001;4.735971335321665E-003;-3.838415956124663E-003;
2.476000000000000E+009;-9.437849372625351E-002;-1.579333841800690E-001;4.554622806608677E-003;-4.104399587959051E-003;
2.476166666666667E+009;-9.461087733507156E-002;-1.572597771883011E-001;4.453902132809162E-003;-4.255962092429400E-003;
2.476333333333334E+009;-9.480278193950653E-002;-1.567475497722626E-001;4.260334651917219E-003;-4.594514146447182E-003;
2.476500000000000E+009;-9.497045725584030E-002;-1.557914614677429E-001;4.268521908670664E-003;-4.555948544293642E-003;
2.476666666666667E+009;-9.540909528732300E-002;-1.548561900854111E-001;3.917866852134466E-003;-4.901800304651260E-003;
2.476833333333334E+009;-9.560547024011612E-002;-1.538992375135422E-001;3.844052786007524E-003;-5.079454742372036E-003;
2.477000000000000E+009;-9.595635533332825E-002;-1.529098600149155E-001;3.574270056560636E-003;-5.138963460922241E-003;
2.477166666666667E+009;-9.627332538366318E-002;-1.516837030649185E-001;3.334205131977797E-003;-5.236738827079535E-003;
2.477333333333334E+009;-9.665776789188385E-002;-1.504543423652649E-001;3.184324596077204E-003;-5.356527399271727E-003;
2.477500000000000E+009;-9.698707610368729E-002;-1.490453928709030E-001;2.971713896840811E-003;-5.417673848569393E-003;
2.477666666666667E+009;-9.756749123334885E-002;-1.473862677812576E-001;2.705832244828343E-003;-5.549774505198002E-003;
2.477833333333334E+009;-9.797961264848709E-002;-1.459812968969345E-001;2.384331775829196E-003;-5.452297162264586E-003;
2.478000000000000E+009;-9.865570068359375E-002;-1.445080041885376E-001;2.309351228177548E-003;-5.500774830579758E-003;
2.478166666666667E+009;-9.905859082937241E-002;-1.426531672477722E-001;2.087892498821020E-003;-5.475469864904881E-003;
2.478333333333334E+009;-9.981625527143478E-002;-1.408981680870056E-001;2.005149377509952E-003;-5.591429304331541E-003;
2.478500000000000E+009;-1.005086526274681E-001;-1.392671614885330E-001;1.740730367600918E-003;-5.621722899377346E-003;
2.478666666666667E+009;-1.013659909367561E-001;-1.374095678329468E-001;1.534186536446214E-003;-5.578585900366306E-003;
2.478833333333334E+009;-1.020712554454804E-001;-1.357982158660889E-001;1.409964985214174E-003;-5.620905198156834E-003;
2.479000000000000E+009;-1.031682938337326E-001;-1.340017020702362E-001;1.267570769414306E-003;-5.644886288791895E-003;
2.479166666666667E+009;-1.040916293859482E-001;-1.321376711130142E-001;1.167032402008772E-003;-5.639702547341585E-003;
2.479333333333334E+009;-1.050418838858604E-001;-1.304709613323212E-001;9.244508692063391E-004;-5.767615512013435E-003;
2.479500000000000E+009;-1.062739863991737E-001;-1.286995857954025E-001;8.052533376030624E-004;-5.735176149755716E-003;
2.479666666666667E+009;-1.074848771095276E-001;-1.269697695970535E-001;4.662403953261674E-004;-5.762469023466110E-003;
2.479833333333334E+009;-1.087089553475380E-001;-1.253077983856201E-001;2.423262776574120E-004;-5.756353959441185E-003;
2.480000000000000E+009;-1.100916266441345E-001;-1.235898286104202E-001;5.798904567200225E-006;-5.550347734242678E-003;
2.480166666666667E+009;-1.115590259432793E-001;-1.223447024822235E-001;-5.172582677914761E-005;-5.448559764772654E-003;
2.480333333333334E+009;-1.128313317894936E-001;-1.206167042255402E-001;1.439777747691551E-006;-5.372608546167612E-003;
2.480500000000000E+009;-1.143174842000008E-001;-1.192163974046707E-001;-2.217108558397740E-004;-5.226414185017347E-003;
2.480666666666667E+009;-1.157717183232307E-001;-1.179607734084129E-001;-2.500655245967209E-004;-5.067121703177691E-003;
2.480833333333334E+009;-1.174067556858063E-001;-1.168903931975365E-001;-3.810557827819139E-004;-5.241770297288895E-003;
2.481000000000000E+009;-1.189865246415138E-001;-1.157977357506752E-001;-3.591807326301932E-004;-4.998179618269205E-003;
2.481166666666667E+009;-1.206391602754593E-001;-1.148216947913170E-001;-4.530613077804446E-004;-5.001853220164776E-003;
2.481333333333334E+009;-1.222781911492348E-001;-1.139253005385399E-001;-3.457780985627323E-004;-5.068937316536903E-003;
2.481500000000000E+009;-1.239683553576469E-001;-1.130902469158173E-001;-3.646203840617091E-004;-5.084933713078499E-003;
2.481666666666667E+009;-1.256397366523743E-001;-1.125927120447159E-001;-5.045614670962095E-004;-5.116688553243876E-003;
2.481833333333334E+009;-1.271910816431046E-001;-1.118412986397743E-001;-3.705789276864380E-004;-5.255918484181166E-003;
2.482000000000000E+009;-1.285975128412247E-001;-1.112048700451851E-001;-5.100651760585606E-004;-5.218963604420424E-003;
2.482166666666667E+009;-1.303023099899292E-001;-1.108977347612381E-001;-6.408924818970263E-004;-5.450039636343718E-003;
2.482333333333334E+009;-1.319665461778641E-001;-1.105938032269478E-001;-9.597644675523043E-004;-5.548588000237942E-003;
2.482500000000000E+009;-1.333428174257278E-001;-1.102336198091507E-001;-1.063694944605231E-003;-5.695377942174673E-003;
2.482666666666667E+009;-1.348939239978790E-001;-1.098113879561424E-001;-1.243885606527329E-003;-5.680277477949858E-003;
2.482833333333334E+009;-1.363609433174133E-001;-1.097903326153755E-001;-1.427438925020397E-003;-5.530988797545433E-003;
2.483000000000000E+009;-1.374321728944778E-001;-1.096609234809876E-001;-1.690499833784998E-003;-5.713815335184336E-003;
2.483166666666667E+009;-1.389092952013016E-001;-1.095682159066200E-001;-1.946662901900709E-003;-5.640495568513870E-003;
2.483333333333334E+009;-1.399001777172089E-001;-1.095398887991905E-001;-2.041531959548593E-003;-5.554101429879665E-003;
2.483500000000000E+009;-1.410480588674545E-001;-1.094196289777756E-001;-2.355407690629363E-003;-5.556511227041483E-003;
2.483666666666667E+009;-1.420936286449432E-001;-1.094638556241989E-001;-2.637116238474846E-003;-5.508311092853546E-003;
2.483833333333334E+009;-1.429195851087570E-001;-1.091657504439354E-001;-2.709953114390373E-003;-5.403831601142883E-003;
2.484000000000000E+009;-1.437031626701355E-001;-1.091959029436112E-001;-3.052919870242477E-003;-5.231339018791914E-003;
2.484166666666667E+009;-1.445734947919846E-001;-1.090136095881462E-001;-3.188390983268619E-003;-5.110545549541712E-003;
2.484333333333334E+009;-1.449765264987946E-001;-1.090015843510628E-001;-3.287185681983829E-003;-4.866697359830141E-003;
2.484500000000000E+009;-1.453812122344971E-001;-1.088257357478142E-001;-3.414113540202379E-003;-4.798197653144598E-003;
2.484666666666667E+009;-1.457339823246002E-001;-1.086797863245010E-001;-3.575308946892619E-003;-4.687396809458733E-003;
2.484833333333334E+009;-1.460866779088974E-001;-1.082255765795708E-001;-3.612028900533915E-003;-4.552455153316259E-003;
2.485000000000000E+009;-1.460439562797546E-001;-1.079126000404358E-001;-3.713034559041262E-003;-4.363049287348986E-003;
2.485166666666667E+009;-1.461697667837143E-001;-1.075628623366356E-001;-3.835915122181177E-003;-4.395723808556795E-003;
2.485333333333334E+009;-1.461984366178513E-001;-1.071545630693436E-001;-3.866006154567003E-003;-4.294133279472590E-003;
2.485500000000000E+009;-1.460397094488144E-001;-1.064958497881889E-001;-3.938549663871527E-003;-4.065568093210459E-003;
2.485666666666667E+009;-1.457710415124893E-001;-1.059390604496002E-001;-4.014525562524796E-003;-3.877437673509121E-003;
2.485833333333334E+009;-1.458156406879425E-001;-1.051394864916802E-001;-4.172380547970533E-003;-3.866273444145918E-003;
2.486000000000000E+009;-1.454689055681229E-001;-1.042760461568832E-001;-4.102553706616163E-003;-3.842452075332403E-003;
2.486166666666667E+009;-1.451574116945267E-001;-1.034053564071655E-001;-4.313702229410410E-003;-3.793477546423674E-003;
2.486333333333334E+009;-1.448330879211426E-001;-1.023710146546364E-001;-4.335117992013693E-003;-3.668724559247494E-003;
2.486500000000000E+009;-1.445622593164444E-001;-1.013688668608666E-001;-4.582810681313276E-003;-3.599062561988831E-003;
2.486666666666667E+009;-1.439547985792160E-001;-1.000528186559677E-001;-4.515434615314007E-003;-3.463995177298784E-003;
2.486833333333334E+009;-1.437397897243500E-001;-9.867115318775177E-002;-4.778993781656027E-003;-3.269554115831852E-003;
2.487000000000000E+009;-1.433773040771484E-001;-9.740796685218811E-002;-4.735157359391451E-003;-3.247302025556564E-003;
2.487166666666667E+009;-1.431858092546463E-001;-9.584459662437439E-002;-5.118073429912329E-003;-3.141638357192278E-003;
2.487333333333334E+009;-1.428106278181076E-001;-9.415171295404434E-002;-5.095966625958681E-003;-2.943846397101879E-003;
2.487500000000000E+009;-1.427005976438522E-001;-9.238664060831070E-002;-5.299928598105907E-003;-3.011923050507903E-003;
2.487666666666667E+009;-1.425610184669495E-001;-9.048242121934891E-002;-5.467904731631279E-003;-2.738952403888106E-003;
2.487833333333334E+009;-1.427209973335266E-001;-8.853141218423843E-002;-5.533119197934866E-003;-2.456638729199767E-003;
2.488000000000000E+009;-1.424262225627899E-001;-8.657090365886688E-002;-5.621577147394419E-003;-2.363925566896796E-003;
2.488166666666667E+009;-1.426306366920471E-001;-8.447596430778503E-002;-5.639826413244009E-003;-2.076020697131753E-003;
2.488333333333334E+009;-1.427735686302185E-001;-8.223190903663635E-002;-5.674842279404402E-003;-1.948633347637951E-003;
2.488500000000000E+009;-1.431846022605896E-001;-8.026186376810074E-002;-5.756327882409096E-003;-1.667398028075695E-003;
2.488666666666667E+009;-1.434514075517654E-001;-7.784546911716461E-002;-5.764952395111322E-003;-1.345048658549786E-003;
2.488833333333334E+009;-1.439485102891922E-001;-7.559613883495331E-002;-5.853112787008286E-003;-1.298612332902849E-003;
2.489000000000000E+009;-1.443930715322495E-001;-7.318886369466782E-002;-5.874107591807842E-003;-9.963881457224488E-004;
2.489166666666667E+009;-1.450095027685165E-001;-7.074403017759323E-002;-5.789898335933685E-003;-8.000825764611363E-004;
2.489333333333334E+009;-1.457327306270599E-001;-6.850434094667435E-002;-5.674672313034535E-003;-6.741629331372678E-004;
2.489500000000000E+009;-1.466021686792374E-001;-6.598362326622009E-002;-5.663403775542975E-003;-6.378290127031505E-004;
2.489666666666667E+009;-1.476932168006897E-001;-6.366413831710815E-002;-5.554465111345053E-003;-4.903532098978758E-004;
2.489833333333334E+009;-1.487462967634201E-001;-6.118034943938255E-002;-5.472762510180473E-003;-3.822277067229152E-004;
2.490000000000000E+009;-1.498344391584396E-001;-5.887533351778984E-002;-5.626057740300894E-003;-3.109341778326780E-004;
2.490166666666667E+009;-1.514087617397308E-001;-5.638786405324936E-002;-5.491121206432581E-003;-2.168275823350996E-004;
2.490333333333334E+009;-1.525693386793137E-001;-5.404640734195709E-002;-5.555472802370787E-003;-9.164203220279887E-006;
2.490500000000000E+009;-1.541740745306015E-001;-5.191693082451820E-002;-5.653419531881809E-003;4.064057793584652E-005;
2.490666666666667E+009;-1.556570529937744E-001;-4.958415776491165E-002;-5.438286345452070E-003;1.603614800842479E-004;
2.490833333333334E+009;-1.571674197912216E-001;-4.756452888250351E-002;-5.530145019292831E-003;1.629617763683200E-004;
2.491000000000000E+009;-1.587465554475784E-001;-4.533725231885910E-002;-5.359144881367683E-003;1.291437365580350E-004;
2.491166666666667E+009;-1.600509434938431E-001;-4.337141290307045E-002;-5.572755821049213E-003;2.025299909291789E-004;
2.491333333333334E+009;-1.619715988636017E-001;-4.145158082246780E-002;-5.754182580858469E-003;2.185540070058778E-004;
2.491500000000000E+009;-1.636225432157517E-001;-3.956422582268715E-002;-5.623540375381708E-003;3.335505316499621E-004;
2.491666666666667E+009;-1.651808023452759E-001;-3.772841021418572E-002;-5.732692312449217E-003;4.520925867836922E-004;
2.491833333333334E+009;-1.667933762073517E-001;-3.621497377753258E-002;-5.676077213138342E-003;5.810339353047311E-004;
2.492000000000000E+009;-1.682690680027008E-001;-3.463801369071007E-002;-5.756748374551535E-003;7.254739175550640E-004;
2.492166666666667E+009;-1.699843853712082E-001;-3.322973847389221E-002;-5.966337397694588E-003;8.900431566871703E-004;
2.492333333333334E+009;-1.714114248752594E-001;-3.186151757836342E-002;-6.055505946278572E-003;9.258589707314968E-004;
2.492500000000000E+009;-1.729000359773636E-001;-3.055613301694393E-002;-6.052373442798853E-003;1.000816351734102E-003;
2.492666666666667E+009;-1.741431057453156E-001;-2.949206531047821E-002;-6.117638666182756E-003;1.277712523005903E-003;
2.492833333333334E+009;-1.752964854240418E-001;-2.821882814168930E-002;-6.244268734008074E-003;1.392009668052197E-003;
2.493000000000000E+009;-1.763414144515991E-001;-2.713879942893982E-002;-6.251551676541567E-003;1.514927600510418E-003;
2.493166666666667E+009;-1.776202619075775E-001;-2.627376466989517E-002;-6.399021949619055E-003;1.837721676565707E-003;
2.493333333333334E+009;-1.784440279006958E-001;-2.537536062300205E-002;-6.380205973982811E-003;2.060408936813474E-003;
2.493500000000000E+009;-1.790592968463898E-001;-2.464380860328674E-002;-6.480033043771982E-003;2.430035732686520E-003;
2.493666666666667E+009;-1.797439903020859E-001;-2.382986061275005E-002;-6.470948923379183E-003;2.767547499388456E-003;
2.493833333333334E+009;-1.802178174257278E-001;-2.312746085226536E-002;-6.393502000719309E-003;3.057749476283789E-003;
2.494000000000000E+009;-1.805497556924820E-001;-2.256533503532410E-002;-6.239041686058044E-003;3.201232990249991E-003;
2.494166666666667E+009;-1.806983947753906E-001;-2.199069410562515E-002;-6.235081702470779E-003;3.528295783326030E-003;
2.494333333333334E+009;-1.807082295417786E-001;-2.145307511091232E-002;-6.030653137713671E-003;3.822037251666188E-003;
2.494500000000000E+009;-1.805019676685333E-001;-2.092280425131321E-002;-5.807285197079182E-003;4.078515805304050E-003;
2.494666666666667E+009;-1.803221702575684E-001;-2.032591775059700E-002;-5.655758082866669E-003;4.352245945483446E-003;
2.494833333333334E+009;-1.800733804702759E-001;-1.971896551549435E-002;-5.629532504826784E-003;4.492709878832102E-003;
2.495000000000000E+009;-1.798978149890900E-001;-1.916398294270039E-002;-5.298484582453966E-003;4.802308510988951E-003;
2.495166666666667E+009;-1.791760921478272E-001;-1.872424408793449E-002;-5.235025193542242E-003;4.929226357489824E-003;
2.495333333333334E+009;-1.785851567983627E-001;-1.798068545758724E-002;-4.906549584120512E-003;5.016930401325226E-003;
2.495500000000000E+009;-1.780505478382111E-001;-1.725507713854313E-002;-4.857271444052458E-003;5.318986251950264E-003;
2.495666666666667E+009;-1.771493554115295E-001;-1.650654897093773E-002;-4.684410057961941E-003;5.441166926175356E-003;
2.495833333333334E+009;-1.764457076787949E-001;-1.561330445110798E-002;-4.350681789219379E-003;5.515841767191887E-003;
2.496000000000000E+009;-1.755907237529755E-001;-1.480431016534567E-002;-4.193942062556744E-003;5.717908963561058E-003;
2.496166666666667E+009;-1.747499555349350E-001;-1.376852858811617E-002;-3.952941391617060E-003;5.895002745091915E-003;
2.496333333333334E+009;-1.738194376230240E-001;-1.251881662756205E-002;-3.922221250832081E-003;5.905897356569767E-003;
2.496500000000000E+009;-1.728584468364716E-001;-1.141886599361897E-002;-3.557529998943210E-003;6.075102835893631E-003;
2.496666666666667E+009;-1.719065308570862E-001;-9.930366650223732E-003;-3.349798964336515E-003;6.201301235705614E-003;
2.496833333333334E+009;-1.708031445741653E-001;-8.394306525588036E-003;-3.109039505943656E-003;6.361259147524834E-003;
2.497000000000000E+009;-1.696998178958893E-001;-6.625267677009106E-003;-2.929229056462646E-003;6.426195614039898E-003;
2.497166666666667E+009;-1.685883998870850E-001;-4.930688999593258E-003;-2.493806648999453E-003;6.364973727613688E-003;
2.497333333333334E+009;-1.672249734401703E-001;-2.856924664229155E-003;-2.203122479841113E-003;6.434126291424036E-003;
2.497500000000000E+009;-1.662713438272476E-001;-9.490191587246954E-004;-2.114671748131514E-003;6.553792394697666E-003;
2.497666666666667E+009;-1.653422117233276E-001;1.201960840262473E-003;-1.864919904619455E-003;6.606697570532560E-003;
2.497833333333334E+009;-1.643606126308441E-001;3.468843176960945E-003;-1.539939665235579E-003;6.376746576279402E-003;
2.498000000000000E+009;-1.637461185455322E-001;5.844133440405130E-003;-1.317849615588784E-003;6.419372279196978E-003;
2.498166666666667E+009;-1.626785099506378E-001;8.054765872657299E-003;-1.241859165020287E-003;6.471709813922644E-003;
2.498333333333334E+009;-1.619315892457962E-001;1.074890326708555E-002;-1.033078413456678E-003;6.522403098642826E-003;
2.498500000000000E+009;-1.611231565475464E-001;1.340851653367281E-002;-9.076012065634131E-004;6.584750488400459E-003;
2.498666666666667E+009;-1.606109738349915E-001;1.601614058017731E-002;-7.472734432667494E-004;6.552249193191528E-003;
2.498833333333334E+009;-1.600435525178909E-001;1.887283660471439E-002;-4.708086780738086E-004;6.455951370298863E-003;
2.499000000000000E+009;-1.596878170967102E-001;2.158396132290363E-002;-3.961197508033365E-004;6.503797136247158E-003;
2.499166666666667E+009;-1.593286246061325E-001;2.438837848603725E-002;-1.655747473705560E-004;6.446703802794218E-003;
2.499333333333334E+009;-1.592877358198166E-001;2.773501165211201E-002;-7.454344449797645E-005;6.631500553339720E-003;
2.499500000000000E+009;-1.593678891658783E-001;3.044278547167778E-002;1.807649387046695E-004;6.464449223130941E-003;
2.499666666666667E+009;-1.590877026319504E-001;3.331158682703972E-002;2.217727451352403E-004;6.541097071021795E-003;
2.499833333333334E+009;-1.592166870832443E-001;3.644623979926109E-002;4.104912804905325E-004;6.458241958171129E-003;
2.500000000000000E+009;-1.593998968601227E-001;3.915125876665115E-002;8.369916467927396E-004;6.404975894838572E-003;
