# Version 1.00
#
freq[Hz];re:Trc1_S11;im:Trc1_S11;re:Trc2_S21;im:Trc2_S21;
2.400000000000000E+009;1.688138991594315E-001;4.027899727225304E-002;3.175098216161132E-003;6.763975252397358E-004;
2.400166666666667E+009;1.695750057697296E-001;3.965121507644653E-002;3.102327464148402E-003;7.024409715086222E-004;
2.400333333333334E+009;1.700730621814728E-001;3.891357034444809E-002;3.097028704360127E-003;4.309116629883647E-004;
2.400500000000000E+009;1.707971245050430E-001;3.810332342982292E-002;3.122751135379076E-003;3.145223890896887E-004;
2.400666666666667E+009;1.712312549352646E-001;3.720951080322266E-002;3.091364866122603E-003;1.191592455143109E-004;
2.400833333333334E+009;1.717156320810318E-001;3.651699796319008E-002;3.114237450063229E-003;-6.084794222260825E-005;
2.401000000000000E+009;1.719370186328888E-001;3.570109605789185E-002;3.055155742913485E-003;-2.568784984759986E-004;
2.401166666666667E+009;1.722438782453537E-001;3.485507145524025E-002;2.965298015624285E-003;-3.490176750347018E-004;
2.401333333333334E+009;1.723676621913910E-001;3.421919420361519E-002;2.828089520335197E-003;-4.127505235373974E-004;
2.401500000000000E+009;1.727397143840790E-001;3.337473049759865E-002;2.848207252100110E-003;-5.695262807421386E-004;
2.401666666666667E+009;1.728615909814835E-001;3.286439552903175E-002;2.668054541572928E-003;-7.381758186966181E-004;
2.401833333333334E+009;1.729032993316650E-001;3.192701190710068E-002;2.688687294721603E-003;-7.146514835767448E-004;
2.402000000000000E+009;1.728927493095398E-001;3.114764578640461E-002;2.618437167257071E-003;-7.694138912484050E-004;
2.402166666666667E+009;1.727602630853653E-001;3.018665686249733E-002;2.438088180497289E-003;-7.485392852686346E-004;
2.402333333333334E+009;1.727644652128220E-001;2.934226021170616E-002;2.418000018224120E-003;-9.700672235339880E-004;
2.402500000000000E+009;1.730391979217529E-001;2.867631986737251E-002;2.358941128477454E-003;-9.238728671334684E-004;
2.402666666666667E+009;1.728960573673248E-001;2.784918621182442E-002;2.363779814913869E-003;-1.152704586274922E-003;
2.402833333333334E+009;1.726193577051163E-001;2.697246521711350E-002;2.102716360241175E-003;-1.070928992703557E-003;
2.403000000000000E+009;1.723495870828629E-001;2.592001110315323E-002;2.110023051500320E-003;-9.358825045637786E-004;
2.403166666666667E+009;1.723709404468536E-001;2.482627891004086E-002;2.172091975808144E-003;-1.132766483351588E-003;
2.403333333333334E+009;1.722016781568527E-001;2.385008148849011E-002;2.108318032696843E-003;-1.164792221970856E-003;
2.403500000000000E+009;1.718815267086029E-001;2.264182455837727E-002;1.984165050089359E-003;-1.244205632247031E-003;
2.403666666666667E+009;1.718059778213501E-001;2.132472954690456E-002;1.968186115846038E-003;-1.172384247183800E-003;
2.403833333333334E+009;1.713802665472031E-001;2.021701820194721E-002;1.983392052352428E-003;-1.271441578865051E-003;
2.404000000000000E+009;1.712343841791153E-001;1.905036717653275E-002;1.992282690480351E-003;-1.229075598530471E-003;
2.404166666666667E+009;1.709662079811096E-001;1.771532557904720E-002;1.904556993395090E-003;-1.170957926660776E-003;
2.404333333333334E+009;1.708142906427383E-001;1.648792810738087E-002;1.861070864833891E-003;-1.400548266246915E-003;
2.404500000000000E+009;1.703698188066483E-001;1.486723497509956E-002;1.621949952095747E-003;-1.352178514935076E-003;
2.404666666666667E+009;1.704222410917282E-001;1.353083178400993E-002;1.833107322454453E-003;-1.679920940659940E-003;
2.404833333333334E+009;1.702168285846710E-001;1.213457994163036E-002;1.773325027897954E-003;-1.295122783631086E-003;
2.405000000000000E+009;1.700816452503204E-001;1.038308255374432E-002;1.518210861831904E-003;-1.378608751110733E-003;
2.405166666666667E+009;1.699673384428024E-001;8.942440152168274E-003;1.599617884494364E-003;-1.379586290568113E-003;
2.405333333333334E+009;1.698838770389557E-001;7.171312347054482E-003;1.607478363439441E-003;-1.269834465347230E-003;
2.405500000000000E+009;1.698144525289536E-001;5.682341288775206E-003;1.424128888174892E-003;-1.316505717113614E-003;
2.405666666666667E+009;1.696242243051529E-001;3.779715392738581E-003;1.496281824074686E-003;-1.360518042929471E-003;
2.405833333333334E+009;1.693724244832993E-001;2.247815486043692E-003;1.536545925773680E-003;-1.093128928914666E-003;
2.406000000000000E+009;1.693735569715500E-001;2.059397520497441E-004;1.591022708453238E-003;-1.086481264792383E-003;
2.406166666666667E+009;1.688818335533142E-001;-1.296756323426962E-003;1.537681324407458E-003;-1.310829771682620E-003;
2.406333333333334E+009;1.690858900547028E-001;-2.873561577871442E-003;1.694746199063957E-003;-1.295951893553138E-003;
2.406500000000000E+009;1.688671261072159E-001;-4.708221647888422E-003;1.504069077782333E-003;-1.298693590797484E-003;
2.406666666666667E+009;1.685427576303482E-001;-6.341733504086733E-003;1.699607120826840E-003;-1.425918657332659E-003;
2.406833333333334E+009;1.684557497501373E-001;-7.952222600579262E-003;1.734059187583625E-003;-1.413034158758819E-003;
2.407000000000000E+009;1.683502048254013E-001;-9.567339904606342E-003;1.750371535308659E-003;-1.388907316140831E-003;
2.407166666666667E+009;1.682828813791275E-001;-1.094890106469393E-002;1.769636408425868E-003;-1.582586090080440E-003;
2.407333333333334E+009;1.679880172014237E-001;-1.252479944378138E-002;1.759245060384274E-003;-1.785419764928520E-003;
2.407500000000000E+009;1.678669601678848E-001;-1.392472069710493E-002;1.908934907987714E-003;-1.684537739492953E-003;
2.407666666666667E+009;1.678001582622528E-001;-1.519600674510002E-002;1.860645716078579E-003;-1.925163320265710E-003;
2.407833333333334E+009;1.676584035158157E-001;-1.646822318434715E-002;1.807777793146670E-003;-2.158369403332472E-003;
2.408000000000000E+009;1.676667034626007E-001;-1.780977845191956E-002;1.809863722883165E-003;-2.376011572778225E-003;
2.408166666666667E+009;1.676921695470810E-001;-1.873890310525894E-002;1.854961155913770E-003;-2.535581355914474E-003;
2.408333333333334E+009;1.679072529077530E-001;-1.968884281814098E-002;1.731374883092940E-003;-2.629081485792995E-003;
2.408500000000000E+009;1.678566485643387E-001;-2.075089141726494E-002;1.696662162430584E-003;-2.896268852055073E-003;
2.408666666666667E+009;1.679574549198151E-001;-2.174868248403072E-002;1.424172078259289E-003;-2.896340331062675E-003;
2.408833333333334E+009;1.681158095598221E-001;-2.247328869998455E-002;1.398697262629867E-003;-3.139450214803219E-003;
2.409000000000000E+009;1.684369295835495E-001;-2.347116172313690E-002;1.141659566201270E-003;-3.194153541699052E-003;
2.409166666666667E+009;1.688491404056549E-001;-2.445573173463345E-002;8.667320362292230E-004;-3.344994038343430E-003;
2.409333333333334E+009;1.689441353082657E-001;-2.552208863198757E-002;8.294032304547727E-004;-3.243537386879325E-003;
2.409500000000000E+009;1.693446487188339E-001;-2.638952247798443E-002;6.061651511117816E-004;-3.355690278112888E-003;
2.409666666666667E+009;1.693873703479767E-001;-2.709207870066166E-002;3.451779484748840E-004;-3.497755154967308E-003;
2.409833333333334E+009;1.697041839361191E-001;-2.788354456424713E-002;2.350643335375935E-004;-3.369833342730999E-003;
2.410000000000000E+009;1.699509471654892E-001;-2.887745201587677E-002;-9.226382098859176E-005;-3.413200145587325E-003;
2.410166666666667E+009;1.701337844133377E-001;-2.963871508836746E-002;-1.850541157182306E-004;-3.534105839207768E-003;
2.410333333333334E+009;1.702129989862442E-001;-3.041964024305344E-002;-2.779122442007065E-004;-3.285403829067946E-003;
2.410500000000000E+009;1.704026609659195E-001;-3.141009435057640E-002;-5.886897561140358E-004;-3.323671873658896E-003;
2.410666666666667E+009;1.703086197376251E-001;-3.234459832310677E-002;-5.753373843617737E-004;-3.180992556735873E-003;
2.410833333333334E+009;1.703669428825378E-001;-3.297896683216095E-002;-8.403974934481084E-004;-3.068534657359123E-003;
2.411000000000000E+009;1.704874187707901E-001;-3.372627124190331E-002;-1.101281261071563E-003;-2.989190397784114E-003;
2.411166666666667E+009;1.702874153852463E-001;-3.456457704305649E-002;-1.166387228295207E-003;-2.897191559895873E-003;
2.411333333333334E+009;1.701664924621582E-001;-3.519733250141144E-002;-1.413129968568683E-003;-2.729540225118399E-003;
2.411500000000000E+009;1.698956638574600E-001;-3.607181459665299E-002;-1.305068028159440E-003;-2.688013017177582E-003;
2.411666666666667E+009;1.699335575103760E-001;-3.682456910610199E-002;-1.390060991980135E-003;-2.512523904442787E-003;
2.411833333333334E+009;1.697120666503906E-001;-3.758010640740395E-002;-1.456344616599381E-003;-2.359039150178433E-003;
2.412000000000000E+009;1.696130335330963E-001;-3.847235441207886E-002;-1.456587342545390E-003;-2.158721676096320E-003;
2.412166666666667E+009;1.691039353609085E-001;-3.932186961174011E-002;-1.447344548068941E-003;-2.157271606847644E-003;
2.412333333333334E+009;1.691519320011139E-001;-4.002869501709938E-002;-1.498199766501784E-003;-2.070687944069505E-003;
2.412500000000000E+009;1.686723977327347E-001;-4.075520858168602E-002;-1.540285418741405E-003;-2.032346092164516E-003;
2.412666666666667E+009;1.682287752628326E-001;-4.192234203219414E-002;-1.465082284994423E-003;-1.942537724971771E-003;
2.412833333333334E+009;1.678230315446854E-001;-4.265229776501656E-002;-1.467002788558602E-003;-1.999084372073412E-003;
2.413000000000000E+009;1.671703159809113E-001;-4.363741353154182E-002;-1.586566912010312E-003;-2.052969532087445E-003;
2.413166666666667E+009;1.665802001953125E-001;-4.458370432257652E-002;-1.434692996554077E-003;-1.863941317424178E-003;
2.413333333333334E+009;1.658405810594559E-001;-4.551077634096146E-002;-1.651086611673236E-003;-1.930093276314437E-003;
2.413500000000000E+009;1.655964702367783E-001;-4.662734642624855E-002;-1.561954850330949E-003;-1.965302275493741E-003;
2.413666666666667E+009;1.650501787662506E-001;-4.756147041916847E-002;-1.544982544146478E-003;-1.853312947787345E-003;
2.413833333333334E+009;1.642888486385346E-001;-4.853637889027596E-002;-1.652391161769629E-003;-1.683037960901856E-003;
2.414000000000000E+009;1.636813730001450E-001;-4.937922954559326E-002;-1.787091256119311E-003;-1.852982211858034E-003;
2.414166666666667E+009;1.632723957300186E-001;-5.034482106566429E-002;-1.613630098290741E-003;-1.606825389899313E-003;
2.414333333333334E+009;1.626775115728378E-001;-5.120892077684403E-002;-1.802059821784496E-003;-1.589515944942832E-003;
2.414500000000000E+009;1.624274849891663E-001;-5.215601623058319E-002;-1.747495960444212E-003;-1.759248320013285E-003;
2.414666666666667E+009;1.619541794061661E-001;-5.306313186883926E-002;-1.755947829224169E-003;-1.584411249496043E-003;
2.414833333333334E+009;1.614260971546173E-001;-5.419815331697464E-002;-1.886905985884368E-003;-1.408200943842530E-003;
2.415000000000000E+009;1.611203253269196E-001;-5.516451224684715E-002;-1.841244287788868E-003;-1.528251566924155E-003;
2.415166666666667E+009;1.608120054006577E-001;-5.634167790412903E-002;-1.825602725148201E-003;-1.392213627696037E-003;
2.415333333333334E+009;1.606654524803162E-001;-5.752671137452126E-002;-1.938275760039687E-003;-1.346032135188580E-003;
2.415500000000000E+009;1.602924466133118E-001;-5.870335549116135E-002;-1.929855206981301E-003;-1.487370813265443E-003;
2.415666666666667E+009;1.599773317575455E-001;-5.985504388809204E-002;-1.974755432456732E-003;-1.407057861797512E-003;
2.415833333333334E+009;1.598512828350067E-001;-6.116972118616104E-002;-1.866222009994090E-003;-1.434249687008560E-003;
2.416000000000000E+009;1.594187319278717E-001;-6.251739710569382E-002;-1.900812261737883E-003;-1.449663424864411E-003;
2.416166666666667E+009;1.592830121517181E-001;-6.376576423645020E-002;-1.852560788393021E-003;-1.267451094463468E-003;
2.416333333333334E+009;1.588732302188873E-001;-6.497789174318314E-002;-2.054797951132059E-003;-1.166578265838325E-003;
2.416500000000000E+009;1.586853116750717E-001;-6.650710105895996E-002;-2.150204963982105E-003;-1.338968053460121E-003;
2.416666666666667E+009;1.581837087869644E-001;-6.778812408447266E-002;-2.063738880679011E-003;-1.329533406533301E-003;
2.416833333333334E+009;1.580214649438858E-001;-6.915777176618576E-002;-2.287485171109438E-003;-1.401947345584631E-003;
2.417000000000000E+009;1.574894487857819E-001;-7.037315517663956E-002;-2.212754683569074E-003;-1.316165202297270E-003;
2.417166666666667E+009;1.572322249412537E-001;-7.148365676403046E-002;-2.327810972929001E-003;-1.435226993635297E-003;
2.417333333333334E+009;1.569336652755737E-001;-7.251850515604019E-002;-2.439379692077637E-003;-1.386776682920754E-003;
2.417500000000000E+009;1.566484868526459E-001;-7.378480583429337E-002;-2.695235423743725E-003;-1.455107121728361E-003;
2.417666666666667E+009;1.565158218145371E-001;-7.471513748168945E-002;-2.783145988360047E-003;-1.252986723557115E-003;
2.417833333333334E+009;1.561158448457718E-001;-7.581806182861328E-002;-3.068655263632536E-003;-1.284887664951384E-003;
2.418000000000000E+009;1.558901071548462E-001;-7.680518925189972E-002;-3.145602997392416E-003;-9.850896894931793E-004;
2.418166666666667E+009;1.556508392095566E-001;-7.763725519180298E-002;-3.203483065590262E-003;-8.466470753774047E-004;
2.418333333333334E+009;1.557788252830505E-001;-7.864461839199066E-002;-3.333976957947016E-003;-6.470436928793788E-004;
2.418500000000000E+009;1.554306596517563E-001;-7.953993976116180E-002;-3.222044324502349E-003;-6.009508506394923E-004;
2.418666666666667E+009;1.553629338741303E-001;-8.042094111442566E-002;-3.466757014393807E-003;-4.179861571174115E-004;
2.418833333333334E+009;1.549341827630997E-001;-8.125093579292297E-002;-3.386620432138443E-003;-1.522983220638707E-004;
2.419000000000000E+009;1.547914892435074E-001;-8.208600431680679E-002;-3.426149953156710E-003;-2.054535252682399E-005;
2.419166666666667E+009;1.547149270772934E-001;-8.278582245111466E-002;-3.472222248092294E-003;2.427044237265363E-004;
2.419333333333334E+009;1.542401313781738E-001;-8.339908719062805E-002;-3.413749858736992E-003;3.857589326798916E-004;
2.419500000000000E+009;1.541107296943665E-001;-8.426163345575333E-002;-3.368161385878921E-003;4.837186424992979E-004;
2.419666666666667E+009;1.540919393301010E-001;-8.487197011709213E-002;-3.438836894929409E-003;6.320551619865000E-004;
2.419833333333334E+009;1.536053121089935E-001;-8.541852980852127E-002;-3.414178034290671E-003;7.574434857815504E-004;
2.420000000000000E+009;1.536241620779038E-001;-8.601354062557221E-002;-3.344656666740775E-003;9.196923929266632E-004;
2.420166666666667E+009;1.533040553331375E-001;-8.636084944009781E-002;-3.361211856827140E-003;9.553990093991160E-004;
2.420333333333334E+009;1.531447768211365E-001;-8.712448179721832E-002;-3.256269963458180E-003;1.200555358082056E-003;
2.420500000000000E+009;1.529330909252167E-001;-8.753339946269989E-002;-3.361892886459827E-003;1.353967236354947E-003;
2.420666666666667E+009;1.525440663099289E-001;-8.822199702262878E-002;-3.280758624896407E-003;1.543812802992761E-003;
2.420833333333334E+009;1.521939039230347E-001;-8.874607831239700E-002;-3.103871131315827E-003;1.676151645369828E-003;
2.421000000000000E+009;1.519463658332825E-001;-8.914022147655487E-002;-3.141599474474788E-003;1.937337452545762E-003;
2.421166666666667E+009;1.515567749738693E-001;-8.975587040185928E-002;-2.961988328024745E-003;2.235301537439227E-003;
2.421333333333334E+009;1.513267159461975E-001;-9.051529318094254E-002;-2.806193893775344E-003;2.335947472602129E-003;
2.421500000000000E+009;1.507724672555924E-001;-9.107868373394013E-002;-2.709371503442526E-003;2.361932303756475E-003;
2.421666666666667E+009;1.503310799598694E-001;-9.166002273559570E-002;-2.517435699701309E-003;2.493812236934900E-003;
2.421833333333334E+009;1.498464792966843E-001;-9.223464876413345E-002;-2.286439994350076E-003;2.537306165322661E-003;
2.422000000000000E+009;1.490461975336075E-001;-9.284762293100357E-002;-2.159265335649252E-003;2.619850682094693E-003;
2.422166666666667E+009;1.485768258571625E-001;-9.365183860063553E-002;-2.052060328423977E-003;2.703300677239895E-003;
2.422333333333334E+009;1.479942500591278E-001;-9.406431764364243E-002;-1.835665316320956E-003;2.563251415267587E-003;
2.422500000000000E+009;1.472461819648743E-001;-9.477046877145767E-002;-1.608381746336818E-003;2.724216319620609E-003;
2.422666666666667E+009;1.465744227170944E-001;-9.537187963724136E-002;-1.472162897698581E-003;2.629277994856238E-003;
2.422833333333334E+009;1.459679305553436E-001;-9.626450389623642E-002;-1.387143041938543E-003;2.579565625637770E-003;
2.423000000000000E+009;1.451887786388397E-001;-9.679456055164337E-002;-1.223592320457101E-003;2.599500119686127E-003;
2.423166666666667E+009;1.445549279451370E-001;-9.759465605020523E-002;-1.281418371945620E-003;2.623419510200620E-003;
2.423333333333334E+009;1.440881341695786E-001;-9.834076464176178E-002;-1.201453385874629E-003;2.623299602419138E-003;
2.423500000000000E+009;1.431647986173630E-001;-9.911338239908218E-002;-8.957388927228749E-004;2.621862571686506E-003;
2.423666666666667E+009;1.421798020601273E-001;-1.000165641307831E-001;-9.291426977142692E-004;2.577943261712790E-003;
2.423833333333334E+009;1.416136473417282E-001;-1.008389070630074E-001;-7.912903092801571E-004;2.547451294958592E-003;
2.424000000000000E+009;1.407878845930100E-001;-1.018192321062088E-001;-9.859449928626418E-004;2.351368311792612E-003;
2.424166666666667E+009;1.400208473205566E-001;-1.025694236159325E-001;-7.186786388047040E-004;2.391892252489924E-003;
2.424333333333334E+009;1.393627226352692E-001;-1.034765690565109E-001;-7.241638377308846E-004;2.192510990425944E-003;
2.424500000000000E+009;1.385380923748016E-001;-1.043985635042191E-001;-6.481733289547265E-004;2.186918398365378E-003;
2.424666666666667E+009;1.380938291549683E-001;-1.050244271755219E-001;-6.387371686287224E-004;2.332508796826005E-003;
2.424833333333334E+009;1.370594501495361E-001;-1.062053218483925E-001;-5.299340118654072E-004;2.272471785545349E-003;
2.425000000000000E+009;1.365627348423004E-001;-1.072144433856010E-001;-6.726358551532030E-004;2.305434318259358E-003;
2.425166666666667E+009;1.357046365737915E-001;-1.081706807017326E-001;-6.066760397516191E-004;2.215989399701357E-003;
2.425333333333334E+009;1.352204978466034E-001;-1.090548709034920E-001;-5.870891618542373E-004;2.331812633201480E-003;
2.425500000000000E+009;1.345828324556351E-001;-1.102106496691704E-001;-5.452911718748510E-004;2.266088966280222E-003;
2.425666666666667E+009;1.338239908218384E-001;-1.112051233649254E-001;-5.462012486532331E-004;2.214583335444331E-003;
2.425833333333334E+009;1.332658529281616E-001;-1.122410148382187E-001;-4.461652715690434E-004;2.263072878122330E-003;
2.426000000000000E+009;1.327631622552872E-001;-1.133054271340370E-001;-6.009995704516769E-004;2.496801316738129E-003;
2.426166666666667E+009;1.322845518589020E-001;-1.143708229064941E-001;-2.888345625251532E-004;2.344749402254820E-003;
2.426333333333334E+009;1.316358000040054E-001;-1.153726354241371E-001;-3.894455148838460E-004;2.355805831030011E-003;
2.426500000000000E+009;1.311872154474258E-001;-1.162952184677124E-001;-3.906703204847872E-004;2.348512178286910E-003;
2.426666666666667E+009;1.308833807706833E-001;-1.171182692050934E-001;-3.634027671068907E-004;2.434141002595425E-003;
2.426833333333334E+009;1.303078383207321E-001;-1.181536391377449E-001;-3.127343952655792E-004;2.554293023422360E-003;
2.427000000000000E+009;1.298921704292297E-001;-1.191574037075043E-001;-2.528557379264385E-004;2.469440922141075E-003;
2.427166666666667E+009;1.295155286788940E-001;-1.198844909667969E-001;-1.460623752791435E-004;2.460922114551067E-003;
2.427333333333334E+009;1.290431469678879E-001;-1.207146048545837E-001;-1.535002520540729E-004;2.460905350744724E-003;
2.427500000000000E+009;1.288769543170929E-001;-1.216139793395996E-001;-1.522077800473198E-004;2.672818955034018E-003;
2.427666666666667E+009;1.284748017787933E-001;-1.224540770053864E-001;-3.894317705999129E-005;2.581062493845820E-003;
2.427833333333334E+009;1.282039135694504E-001;-1.232424080371857E-001;-1.016349779092707E-005;2.784956945106387E-003;
2.428000000000000E+009;1.279534995555878E-001;-1.240160912275314E-001;1.287646446144208E-004;2.838505199179053E-003;
2.428166666666667E+009;1.277921795845032E-001;-1.248386055231094E-001;2.298941399203613E-004;2.796648303046823E-003;
2.428333333333334E+009;1.278523057699204E-001;-1.255666166543961E-001;6.443780875997618E-005;2.858302788808942E-003;
2.428500000000000E+009;1.275599300861359E-001;-1.264875382184982E-001;5.011017783544958E-004;2.964324085041881E-003;
2.428666666666667E+009;1.273319721221924E-001;-1.270353496074677E-001;5.163191235624254E-004;3.045541699975729E-003;
2.428833333333334E+009;1.269492208957672E-001;-1.277901381254196E-001;7.936317706480622E-004;3.238816279917955E-003;
2.429000000000000E+009;1.267758309841156E-001;-1.284609436988831E-001;8.813641034066677E-004;3.098589368164539E-003;
2.429166666666667E+009;1.264901012182236E-001;-1.289320290088654E-001;1.116626430302858E-003;3.144914982840419E-003;
2.429333333333334E+009;1.262440532445908E-001;-1.297453194856644E-001;1.209998503327370E-003;3.188886912539601E-003;
2.429500000000000E+009;1.259397417306900E-001;-1.303635984659195E-001;1.423875219188631E-003;3.165098372846842E-003;
2.429666666666667E+009;1.256083101034164E-001;-1.308006495237351E-001;1.681620022282004E-003;3.183000022545457E-003;
2.429833333333334E+009;1.251294910907745E-001;-1.311713904142380E-001;1.730363350361586E-003;2.911832183599472E-003;
2.430000000000000E+009;1.248280107975006E-001;-1.318245679140091E-001;1.919389003887773E-003;2.795547014102340E-003;
2.430166666666667E+009;1.244416534900665E-001;-1.322333067655563E-001;2.121658762916923E-003;2.634947188198566E-003;
2.430333333333334E+009;1.240246668457985E-001;-1.326020210981369E-001;2.255342900753021E-003;2.638946752995253E-003;
2.430500000000000E+009;1.234686151146889E-001;-1.330928951501846E-001;2.310728421434760E-003;2.513205865398049E-003;
2.430666666666667E+009;1.231542155146599E-001;-1.338011920452118E-001;2.419234253466129E-003;2.419647993519902E-003;
2.430833333333334E+009;1.223537325859070E-001;-1.341255307197571E-001;2.466239035129547E-003;2.356333890929818E-003;
2.431000000000000E+009;1.219537183642387E-001;-1.343517303466797E-001;2.589066047221422E-003;2.118202624842525E-003;
2.431166666666667E+009;1.211860999464989E-001;-1.349921226501465E-001;2.703391946852207E-003;2.103854669257999E-003;
2.431333333333334E+009;1.203881800174713E-001;-1.353646218776703E-001;2.751947613433003E-003;1.884069875814021E-003;
2.431500000000000E+009;1.197493970394135E-001;-1.357944011688232E-001;2.732632448896766E-003;1.702917972579598E-003;
2.431666666666667E+009;1.189089640974999E-001;-1.362089663743973E-001;2.800829010084271E-003;1.613531494513154E-003;
2.431833333333334E+009;1.178549528121948E-001;-1.366507261991501E-001;2.910891314968467E-003;1.440329942852259E-003;
2.432000000000000E+009;1.170154958963394E-001;-1.370636820793152E-001;2.941602841019630E-003;1.173653639853001E-003;
2.432166666666667E+009;1.161046698689461E-001;-1.372620761394501E-001;3.017120528966188E-003;1.068569603376091E-003;
2.432333333333334E+009;1.151933297514916E-001;-1.376247555017471E-001;2.816491061821580E-003;9.004487073980272E-004;
2.432500000000000E+009;1.143947094678879E-001;-1.383522152900696E-001;2.948410343378782E-003;7.995098712854087E-004;
2.432666666666667E+009;1.131664365530014E-001;-1.386771053075790E-001;2.890406642109156E-003;6.147985113784671E-004;
2.432833333333334E+009;1.124185472726822E-001;-1.392480880022049E-001;2.916438505053520E-003;4.520727670751512E-004;
2.433000000000000E+009;1.114120036363602E-001;-1.395249664783478E-001;2.824669005349279E-003;2.354349999222904E-004;
2.433166666666667E+009;1.102838143706322E-001;-1.401460319757462E-001;2.686770400032401E-003;1.866260718088597E-004;
2.433333333333334E+009;1.093678623437882E-001;-1.406961977481842E-001;2.678501186892390E-003;1.910794235300273E-004;
2.433500000000000E+009;1.083051785826683E-001;-1.414048075675964E-001;2.411570167168975E-003;3.905151606886648E-005;
2.433666666666667E+009;1.074314415454865E-001;-1.419984251260757E-001;2.463967073708773E-003;-1.083257229765877E-004;
2.433833333333334E+009;1.061963960528374E-001;-1.425775736570358E-001;2.287657698616386E-003;-9.397164831170812E-005;
2.434000000000000E+009;1.053081229329109E-001;-1.432684957981110E-001;2.184236189350486E-003;-2.376491029281169E-004;
2.434166666666667E+009;1.042454019188881E-001;-1.441603153944016E-001;2.070104004815221E-003;-2.107587788486853E-004;
2.434333333333334E+009;1.031527444720268E-001;-1.447183787822723E-001;2.042444655671716E-003;-1.489768474129960E-004;
2.434500000000000E+009;1.021733582019806E-001;-1.454306393861771E-001;1.936392742209137E-003;-2.792628656607121E-004;
2.434666666666667E+009;1.011672019958496E-001;-1.463370174169540E-001;1.721749780699611E-003;-1.185917863040231E-004;
2.434833333333334E+009;1.001366823911667E-001;-1.469880044460297E-001;1.801791018806398E-003;-6.385237065842375E-005;
2.435000000000000E+009;9.933733195066452E-002;-1.478353887796402E-001;1.686079544015229E-003;-5.459544991026633E-005;
2.435166666666667E+009;9.841746091842651E-002;-1.488103866577148E-001;1.716998172923923E-003;7.879673648858443E-005;
2.435333333333334E+009;9.752324223518372E-002;-1.497209519147873E-001;1.773440511897206E-003;1.958153006853536E-004;
2.435500000000000E+009;9.669886529445648E-002;-1.504282653331757E-001;1.816518022678793E-003;1.412659912602976E-004;
2.435666666666667E+009;9.582980722188950E-002;-1.513524353504181E-001;1.903968630358577E-003;3.225717518944293E-004;
2.435833333333334E+009;9.515997767448425E-002;-1.521806269884110E-001;1.936052110977471E-003;3.967576485592872E-004;
2.436000000000000E+009;9.439384937286377E-002;-1.532209664583206E-001;2.028010552749038E-003;4.128887958358973E-004;
2.436166666666667E+009;9.348163008689880E-002;-1.540292650461197E-001;2.273753751069307E-003;3.438497078604996E-004;
2.436333333333334E+009;9.294214844703674E-002;-1.549595743417740E-001;2.280180575326085E-003;2.934859658125788E-004;
2.436500000000000E+009;9.227159619331360E-002;-1.559042632579804E-001;2.437058603391051E-003;4.252676444593817E-004;
2.436666666666667E+009;9.166822582483292E-002;-1.567798703908920E-001;2.591982716694474E-003;9.883817983791232E-005;
2.436833333333334E+009;9.103201329708099E-002;-1.577521562576294E-001;2.737321658059955E-003;1.352307444904000E-004;
2.437000000000000E+009;9.043695032596588E-002;-1.584891378879547E-001;2.846349496394396E-003;-1.033876833389513E-004;
2.437166666666667E+009;8.991082757711411E-002;-1.594796329736710E-001;2.904057735577226E-003;-1.788672670954838E-004;
2.437333333333334E+009;8.925803750753403E-002;-1.602521091699600E-001;3.022585529834032E-003;-4.173875495325774E-004;
2.437500000000000E+009;8.887923508882523E-002;-1.609829068183899E-001;2.849674550816417E-003;-5.833343020640314E-004;
2.437666666666667E+009;8.820231258869171E-002;-1.618127673864365E-001;3.030305728316307E-003;-8.990940987132490E-004;
2.437833333333334E+009;8.786867558956146E-002;-1.624067425727844E-001;2.897833473980427E-003;-8.546072640456259E-004;
2.438000000000000E+009;8.726771175861359E-002;-1.630694717168808E-001;2.846566261723638E-003;-1.263343263417482E-003;
2.438166666666667E+009;8.688106387853622E-002;-1.637711077928543E-001;2.836607163771987E-003;-1.289373030886054E-003;
2.438333333333334E+009;8.626348525285721E-002;-1.640812009572983E-001;2.718426752835512E-003;-1.374853309243918E-003;
2.438500000000000E+009;8.603499829769135E-002;-1.647454053163528E-001;2.568694064393640E-003;-1.510571106337011E-003;
2.438666666666667E+009;8.556920289993286E-002;-1.653631478548050E-001;2.462217118591070E-003;-1.665780437178910E-003;
2.438833333333334E+009;8.509335666894913E-002;-1.658360064029694E-001;2.418715506792069E-003;-1.723665278404951E-003;
2.439000000000000E+009;8.482918888330460E-002;-1.660982817411423E-001;2.285509603098035E-003;-1.695257727988064E-003;
2.439166666666667E+009;8.444722741842270E-002;-1.664372384548187E-001;2.272038254886866E-003;-1.957822591066361E-003;
2.439333333333334E+009;8.388759940862656E-002;-1.667437851428986E-001;2.030602656304836E-003;-1.884217839688063E-003;
2.439500000000000E+009;8.337720483541489E-002;-1.670661717653275E-001;1.964833820238709E-003;-1.970618031919003E-003;
2.439666666666667E+009;8.314747363328934E-002;-1.672542691230774E-001;1.897438894957304E-003;-1.986888470128179E-003;
2.439833333333334E+009;8.272335678339005E-002;-1.675172001123428E-001;1.837964053265750E-003;-2.057703910395503E-003;
2.440000000000000E+009;8.209812641143799E-002;-1.676966995000839E-001;1.716603059321642E-003;-2.059888327494264E-003;
2.440166666666667E+009;8.160865306854248E-002;-1.678883135318756E-001;1.687021693214774E-003;-2.079375786706805E-003;
2.440333333333334E+009;8.114016801118851E-002;-1.679749488830566E-001;1.699436106719077E-003;-2.073493320494890E-003;
2.440500000000000E+009;8.045920729637146E-002;-1.681709587574005E-001;1.526901964098215E-003;-2.191470935940743E-003;
2.440666666666667E+009;7.992016524076462E-002;-1.681293100118637E-001;1.494475640356541E-003;-2.220906084403396E-003;
2.440833333333334E+009;7.914495468139648E-002;-1.682947129011154E-001;1.466501154936850E-003;-2.249324694275856E-003;
2.441000000000000E+009;7.855603843927383E-002;-1.681396663188934E-001;1.511194510385394E-003;-2.264345763251185E-003;
2.441166666666667E+009;7.771202176809311E-002;-1.684360802173615E-001;1.480786362662911E-003;-2.256644889712334E-003;
2.441333333333334E+009;7.702406495809555E-002;-1.683288216590881E-001;1.406297786161304E-003;-2.362025668844581E-003;
2.441500000000000E+009;7.592196762561798E-002;-1.682324856519699E-001;1.303387456573546E-003;-2.530532423406839E-003;
2.441666666666667E+009;7.507863640785217E-002;-1.682491451501846E-001;1.284444821067154E-003;-2.550586126744747E-003;
2.441833333333334E+009;7.421218603849411E-002;-1.683652400970459E-001;1.141973305493593E-003;-2.546260133385658E-003;
2.442000000000000E+009;7.323478907346726E-002;-1.683037430047989E-001;1.245725550688803E-003;-2.548822900280356E-003;
2.442166666666667E+009;7.238435000181198E-002;-1.682298332452774E-001;1.203904743306339E-003;-2.745636738836765E-003;
2.442333333333334E+009;7.127021998167038E-002;-1.683233082294464E-001;1.068250858224928E-003;-2.716433256864548E-003;
2.442500000000000E+009;7.018578052520752E-002;-1.684462726116180E-001;1.014364301227033E-003;-2.727899234741926E-003;
2.442666666666667E+009;6.933461129665375E-002;-1.685173958539963E-001;8.961114799603820E-004;-2.722266828641295E-003;
2.442833333333334E+009;6.814423948526382E-002;-1.688627898693085E-001;7.542443345300853E-004;-3.008815925568342E-003;
2.443000000000000E+009;6.686671823263168E-002;-1.689308434724808E-001;6.059459992684424E-004;-2.963937586173415E-003;
2.443166666666667E+009;6.567034870386124E-002;-1.692825555801392E-001;4.760589508805424E-004;-3.141426248475909E-003;
2.443333333333334E+009;6.429027765989304E-002;-1.692811101675034E-001;4.795263812411577E-004;-3.101053880527616E-003;
2.443500000000000E+009;6.309178471565247E-002;-1.695467233657837E-001;1.935202017193660E-004;-3.226565895602107E-003;
2.443666666666667E+009;6.171216443181038E-002;-1.700095534324646E-001;-7.293911039596424E-005;-3.252971684560180E-003;
2.443833333333334E+009;6.035978719592094E-002;-1.704504489898682E-001;-3.041427989955992E-004;-3.266596700996161E-003;
2.444000000000000E+009;5.897410586476326E-002;-1.707666516304016E-001;-3.080710012000054E-004;-3.139242762699723E-003;
2.444166666666667E+009;5.757562816143036E-002;-1.712848544120789E-001;-6.265129195526242E-004;-2.945260377600789E-003;
2.444333333333334E+009;5.629992485046387E-002;-1.717837601900101E-001;-7.187594310380518E-004;-2.853831974789500E-003;
2.444500000000000E+009;5.472642555832863E-002;-1.723593175411224E-001;-7.749423966743052E-004;-2.847212366759777E-003;
2.444666666666667E+009;5.331167951226234E-002;-1.726724654436112E-001;-8.903376292437315E-004;-2.658423036336899E-003;
2.444833333333334E+009;5.203193053603172E-002;-1.733288317918778E-001;-8.665216155350208E-004;-2.669433597475290E-003;
2.445000000000000E+009;5.072470009326935E-002;-1.739116162061691E-001;-9.460728033445776E-004;-2.514541847631335E-003;
2.445166666666667E+009;4.916534945368767E-002;-1.744814366102219E-001;-1.000041491352022E-003;-2.456752117723227E-003;
2.445333333333334E+009;4.798923805356026E-002;-1.749806255102158E-001;-8.709048852324486E-004;-2.385866362601519E-003;
2.445500000000000E+009;4.646019637584686E-002;-1.756618916988373E-001;-1.009217114187777E-003;-2.429088810458779E-003;
2.445666666666667E+009;4.540067911148071E-002;-1.762833297252655E-001;-9.474050602875650E-004;-2.266241703182459E-003;
2.445833333333334E+009;4.401144385337830E-002;-1.770187765359879E-001;-1.091677462682128E-003;-2.392477588728070E-003;
2.446000000000000E+009;4.279698058962822E-002;-1.775007247924805E-001;-1.041490584611893E-003;-2.258347347378731E-003;
2.446166666666667E+009;4.188210889697075E-002;-1.782742291688919E-001;-1.118500251322985E-003;-2.309047151356936E-003;
2.446333333333334E+009;4.057754203677177E-002;-1.789606809616089E-001;-1.247084932401776E-003;-2.354025607928634E-003;
2.446500000000000E+009;3.960084915161133E-002;-1.794420629739761E-001;-1.276131952181459E-003;-2.240462927147746E-003;
2.446666666666667E+009;3.852846473455429E-002;-1.801356226205826E-001;-1.385849551297724E-003;-2.334966324269772E-003;
2.446833333333334E+009;3.771376237273216E-002;-1.807667016983032E-001;-1.388653879985213E-003;-2.211182843893766E-003;
2.447000000000000E+009;3.648860007524490E-002;-1.814986914396286E-001;-1.444622757844627E-003;-2.219638787209988E-003;
2.447166666666667E+009;3.562833368778229E-002;-1.819393783807755E-001;-1.651916420087218E-003;-2.225359203293920E-003;
2.447333333333334E+009;3.469349443912506E-002;-1.826349198818207E-001;-1.790470676496625E-003;-2.068502828478813E-003;
2.447500000000000E+009;3.410641849040985E-002;-1.831735372543335E-001;-1.885231584310532E-003;-1.934079453349114E-003;
2.447666666666667E+009;3.330907598137856E-002;-1.836951822042465E-001;-1.964563038200140E-003;-1.837970688939095E-003;
2.447833333333334E+009;3.237805515527725E-002;-1.845478117465973E-001;-2.033831551671028E-003;-1.803309307433665E-003;
2.448000000000000E+009;3.180306404829025E-002;-1.849184781312943E-001;-2.025339752435684E-003;-1.666776253841817E-003;
2.448166666666667E+009;3.097239695489407E-002;-1.853222250938416E-001;-1.959198853000999E-003;-1.534074777737260E-003;
2.448333333333334E+009;3.042286448180676E-002;-1.857363879680634E-001;-1.999252708628774E-003;-1.434973557479680E-003;
2.448500000000000E+009;2.984780631959438E-002;-1.862908005714417E-001;-2.077089389786124E-003;-1.340792514383793E-003;
2.448666666666667E+009;2.907476015388966E-002;-1.864845305681229E-001;-2.096869982779026E-003;-1.195464399643242E-003;
2.448833333333334E+009;2.862219139933586E-002;-1.868686378002167E-001;-1.958157401531935E-003;-1.120051136240363E-003;
2.449000000000000E+009;2.800534293055534E-002;-1.869241297245026E-001;-2.013996010646224E-003;-1.122154295444489E-003;
2.449166666666667E+009;2.736906521022320E-002;-1.871616393327713E-001;-2.007470000535250E-003;-8.947533788159490E-004;
2.449333333333334E+009;2.690545096993446E-002;-1.874014735221863E-001;-1.943277427926660E-003;-9.886277839541435E-004;
2.449500000000000E+009;2.624702081084251E-002;-1.875205785036087E-001;-1.933473511599004E-003;-1.079745707102120E-003;
2.449666666666667E+009;2.570856921374798E-002;-1.876262128353119E-001;-2.027100184932351E-003;-7.918819901533425E-004;
2.449833333333334E+009;2.518633008003235E-002;-1.876950263977051E-001;-1.974839484319091E-003;-9.751792531460524E-004;
2.450000000000000E+009;2.451536245644093E-002;-1.875586807727814E-001;-1.989479642361403E-003;-9.932531975209713E-004;
2.450166666666667E+009;2.401531301438808E-002;-1.874357461929321E-001;-1.869416795670986E-003;-9.384667500853539E-004;
2.450333333333334E+009;2.357083186507225E-002;-1.872627586126328E-001;-1.970981713384390E-003;-8.705564541742206E-004;
2.450500000000000E+009;2.298906818032265E-002;-1.873527169227600E-001;-1.947925658896565E-003;-7.164850831031799E-004;
2.450666666666667E+009;2.239030972123146E-002;-1.870727241039276E-001;-2.110399771481752E-003;-8.054178324528039E-004;
2.450833333333334E+009;2.160860784351826E-002;-1.869392693042755E-001;-2.073289128020406E-003;-7.905460661277175E-004;
2.451000000000000E+009;2.120541967451572E-002;-1.865668743848801E-001;-2.177671063691378E-003;-7.408445817418397E-004;
2.451166666666667E+009;2.051538415253162E-002;-1.865356713533402E-001;-2.372207352891564E-003;-7.874391740188003E-004;
2.451333333333334E+009;1.997424289584160E-002;-1.863174587488174E-001;-2.400985686108470E-003;-7.556962082162499E-004;
2.451500000000000E+009;1.904362812638283E-002;-1.861828714609146E-001;-2.492820844054222E-003;-5.433675833046436E-004;
2.451666666666667E+009;1.815764419734478E-002;-1.856207400560379E-001;-2.475479850545526E-003;-3.560303011909127E-004;
2.451833333333334E+009;1.729725673794746E-002;-1.854735016822815E-001;-2.378361998125911E-003;-3.743436827789992E-004;
2.452000000000000E+009;1.642189547419548E-002;-1.854826658964157E-001;-2.516220090910792E-003;-2.958755649160594E-004;
2.452166666666667E+009;1.550929062068462E-002;-1.851929575204849E-001;-2.327227732166648E-003;-1.886302634375170E-004;
2.452333333333334E+009;1.432199031114578E-002;-1.850274503231049E-001;-2.262601628899574E-003;6.835909152869135E-005;
2.452500000000000E+009;1.325695868581533E-002;-1.847533136606216E-001;-2.312796423211694E-003;-6.383753498084843E-005;
2.452666666666667E+009;1.200014073401690E-002;-1.843541264533997E-001;-2.358225872740150E-003;1.775044802343473E-004;
2.452833333333334E+009;1.073970925062895E-002;-1.840728670358658E-001;-2.339028520509601E-003;6.942119944142178E-005;
2.453000000000000E+009;9.562255814671516E-003;-1.837856769561768E-001;-2.154304180294275E-003;2.804256509989500E-004;
2.453166666666667E+009;8.319190703332424E-003;-1.835480481386185E-001;-2.181434305384755E-003;3.008643107023090E-004;
2.453333333333334E+009;7.074316032230854E-003;-1.832579970359802E-001;-2.095415256917477E-003;3.285863494966179E-004;
2.453500000000000E+009;5.685307551175356E-003;-1.831656247377396E-001;-2.101199701428413E-003;3.767727757804096E-004;
2.453666666666667E+009;4.454638808965683E-003;-1.829444319009781E-001;-2.087528817355633E-003;3.705116978380829E-004;
2.453833333333334E+009;3.112616715952754E-003;-1.828055679798126E-001;-2.029601484537125E-003;4.954440519213677E-004;
2.454000000000000E+009;1.579507603310049E-003;-1.823958307504654E-001;-1.979160821065307E-003;3.920663730241358E-004;
2.454166666666667E+009;1.898201589938253E-004;-1.824687272310257E-001;-2.100738463923335E-003;3.850242064800113E-004;
2.454333333333334E+009;-1.284196274355054E-003;-1.823796778917313E-001;-1.975103048607707E-003;3.901929303538054E-004;
2.454500000000000E+009;-2.744926372542977E-003;-1.822499334812164E-001;-1.908764941617847E-003;3.769545000977814E-004;
2.454666666666667E+009;-4.061764106154442E-003;-1.820974797010422E-001;-1.957681495696306E-003;5.554171511903405E-004;
2.454833333333334E+009;-5.519513972103596E-003;-1.818842738866806E-001;-2.039032522588968E-003;4.921567160636187E-004;
2.455000000000000E+009;-6.937706377357245E-003;-1.820509582757950E-001;-2.169529907405376E-003;5.727717070840299E-004;
2.455166666666667E+009;-8.243747986853123E-003;-1.818879246711731E-001;-2.202636096626520E-003;6.843195296823978E-004;
2.455333333333334E+009;-9.555760771036148E-003;-1.817643791437149E-001;-2.139736898243427E-003;6.420298595912755E-004;
2.455500000000000E+009;-1.100634969770908E-002;-1.819315701723099E-001;-2.139097778126597E-003;7.098129135556519E-004;
2.455666666666667E+009;-1.233407203108072E-002;-1.818344444036484E-001;-2.241888316348195E-003;6.388613255694509E-004;
2.455833333333334E+009;-1.344159897416830E-002;-1.820402741432190E-001;-2.403507241979241E-003;9.423606097698212E-004;
2.456000000000000E+009;-1.466737687587738E-002;-1.819277405738831E-001;-2.067847875878215E-003;1.084089279174805E-003;
2.456166666666667E+009;-1.570721715688705E-002;-1.818968951702118E-001;-2.222533570602536E-003;1.004139077849686E-003;
2.456333333333334E+009;-1.678158715367317E-002;-1.823013573884964E-001;-2.188754267990589E-003;1.116939471103251E-003;
2.456500000000000E+009;-1.797967217862606E-002;-1.823785603046417E-001;-2.224244177341461E-003;1.222843653522432E-003;
2.456666666666667E+009;-1.914483495056629E-002;-1.824755966663361E-001;-2.206322038546205E-003;1.158376224339008E-003;
2.456833333333334E+009;-2.005249075591564E-002;-1.826643347740173E-001;-2.045861212536693E-003;1.316930050961673E-003;
2.457000000000000E+009;-2.106575854122639E-002;-1.830055713653565E-001;-2.206407021731138E-003;1.560884178616107E-003;
2.457166666666667E+009;-2.209085784852505E-002;-1.831146329641342E-001;-2.265789546072483E-003;1.561157987453044E-003;
2.457333333333334E+009;-2.301793172955513E-002;-1.832988858222961E-001;-2.041131723672152E-003;1.624226337298751E-003;
2.457500000000000E+009;-2.407768182456493E-002;-1.834370940923691E-001;-2.057728823274374E-003;1.783553627319634E-003;
2.457666666666667E+009;-2.485836111009121E-002;-1.837663054466248E-001;-2.142496639862657E-003;1.732512027956545E-003;
2.457833333333334E+009;-2.579701319336891E-002;-1.838176995515823E-001;-2.223281655460596E-003;1.912946696393192E-003;
2.458000000000000E+009;-2.657867595553398E-002;-1.837272793054581E-001;-1.978770829737186E-003;1.999914413318038E-003;
2.458166666666667E+009;-2.748068794608116E-002;-1.840367913246155E-001;-1.916943234391511E-003;1.967574004083872E-003;
2.458333333333334E+009;-2.840897068381310E-002;-1.842410117387772E-001;-1.700913533568382E-003;2.208014484494925E-003;
2.458500000000000E+009;-2.899526245892048E-002;-1.840796172618866E-001;-1.818251796066761E-003;2.163723576813936E-003;
2.458666666666667E+009;-2.992101199924946E-002;-1.840776354074478E-001;-1.817745505832136E-003;2.240114379674196E-003;
2.458833333333334E+009;-3.054655902087688E-002;-1.840688139200211E-001;-1.743559492751956E-003;2.530498197302222E-003;
2.459000000000000E+009;-3.123347833752632E-002;-1.839204579591751E-001;-1.622178591787815E-003;2.469649072736502E-003;
2.459166666666667E+009;-3.214324265718460E-002;-1.838630586862564E-001;-1.577513059601188E-003;2.705392893403769E-003;
2.459333333333334E+009;-3.269665315747261E-002;-1.833959668874741E-001;-1.488000736571848E-003;2.749325241893530E-003;
2.459500000000000E+009;-3.338463976979256E-002;-1.835377961397171E-001;-1.334446715191007E-003;2.989881439134479E-003;
2.459666666666667E+009;-3.419024124741554E-002;-1.829720735549927E-001;-1.156739308498800E-003;2.919688820838928E-003;
2.459833333333334E+009;-3.480071946978569E-002;-1.829575598239899E-001;-1.012108754366636E-003;3.291959874331951E-003;
2.460000000000000E+009;-3.527139499783516E-002;-1.824743300676346E-001;-8.267802768386900E-004;3.164354013279080E-003;
2.460166666666667E+009;-3.609811887145042E-002;-1.820411235094070E-001;-7.004220387898386E-004;3.277685027569532E-003;
2.460333333333334E+009;-3.676295652985573E-002;-1.817627996206284E-001;-4.120700177736580E-004;3.159336512908340E-003;
2.460500000000000E+009;-3.749369084835053E-002;-1.814916878938675E-001;-2.537011459935457E-004;3.179970430210233E-003;
2.460666666666667E+009;-3.832091763615608E-002;-1.809175908565521E-001;-7.070106676110299E-006;3.118589753285050E-003;
2.460833333333334E+009;-3.902799263596535E-002;-1.803796440362930E-001;2.723740763030946E-004;3.064407734200358E-003;
2.461000000000000E+009;-3.993173316121101E-002;-1.800672560930252E-001;3.020586736965925E-004;2.983077894896269E-003;
2.461166666666667E+009;-4.051165282726288E-002;-1.794180572032929E-001;5.534632946364582E-004;2.880343003198504E-003;
2.461333333333334E+009;-4.171692579984665E-002;-1.789254546165466E-001;5.071057821623981E-004;2.764612669125199E-003;
2.461500000000000E+009;-4.250151664018631E-002;-1.783985346555710E-001;5.727109382860363E-004;2.658284269273281E-003;
2.461666666666667E+009;-4.377155378460884E-002;-1.779197901487351E-001;6.736614741384983E-004;2.461270662024617E-003;
2.461833333333334E+009;-4.475463926792145E-002;-1.773628294467926E-001;7.854365394450724E-004;2.400101628154516E-003;
2.462000000000000E+009;-4.551011696457863E-002;-1.764824241399765E-001;8.352264994755387E-004;2.433240180835128E-003;
2.462166666666667E+009;-4.679208993911743E-002;-1.761532872915268E-001;8.123390725813806E-004;2.293239114806056E-003;
2.462333333333334E+009;-4.810395836830139E-002;-1.754061579704285E-001;7.440061890520155E-004;2.240359550341964E-003;
2.462500000000000E+009;-4.934062808752060E-002;-1.746765226125717E-001;7.803767803125083E-004;2.139193471521139E-003;
2.462666666666667E+009;-5.052567645907402E-002;-1.739520579576492E-001;9.562016930431128E-004;2.023353474214673E-003;
2.462833333333334E+009;-5.176196992397308E-002;-1.731670796871185E-001;1.024339231662452E-003;2.205776516348124E-003;
2.463000000000000E+009;-5.293519794940949E-002;-1.724878847599030E-001;8.340661297552288E-004;1.964211696758866E-003;
2.463166666666667E+009;-5.442418158054352E-002;-1.717284470796585E-001;8.334593148902059E-004;1.926033757627010E-003;
2.463333333333334E+009;-5.576376244425774E-002;-1.713350117206574E-001;8.004996343515813E-004;1.983307069167495E-003;
2.463500000000000E+009;-5.709678679704666E-002;-1.705078780651093E-001;8.831620216369629E-004;2.013344550505281E-003;
2.463666666666667E+009;-5.844429507851601E-002;-1.699934154748917E-001;9.309216984547675E-004;2.065099775791168E-003;
2.463833333333334E+009;-5.986122041940689E-002;-1.692342609167099E-001;8.933341014198959E-004;1.820752513594925E-003;
2.464000000000000E+009;-6.114297360181809E-002;-1.685347706079483E-001;8.836898487061262E-004;1.837593154050410E-003;
2.464166666666667E+009;-6.242141500115395E-002;-1.680828630924225E-001;9.605236700735986E-004;1.899436931125820E-003;
2.464333333333334E+009;-6.394845247268677E-002;-1.674350798130035E-001;9.302840335294604E-004;1.893283799290657E-003;
2.464500000000000E+009;-6.521947681903839E-002;-1.669414937496185E-001;1.053432002663612E-003;1.808057771995664E-003;
2.464666666666667E+009;-6.678830832242966E-002;-1.662762016057968E-001;1.025893376208842E-003;1.790042733773589E-003;
2.464833333333334E+009;-6.790788471698761E-002;-1.658979654312134E-001;1.018292037770152E-003;1.864386722445488E-003;
2.465000000000000E+009;-6.916642934083939E-002;-1.654397547245026E-001;1.241127494722605E-003;1.886327750980854E-003;
2.465166666666667E+009;-7.071150839328766E-002;-1.648254394531250E-001;1.179935992695391E-003;1.804318162612617E-003;
2.465333333333334E+009;-7.204018533229828E-002;-1.644548177719116E-001;1.176690915599465E-003;1.853693509474397E-003;
2.465500000000000E+009;-7.311935722827911E-002;-1.641663610935211E-001;1.101443893276155E-003;2.015497535467148E-003;
2.465666666666667E+009;-7.446739822626114E-002;-1.636830270290375E-001;1.309506129473448E-003;1.990047981962562E-003;
2.465833333333334E+009;-7.557915896177292E-002;-1.633822023868561E-001;1.289890031330288E-003;2.007859293371439E-003;
2.466000000000000E+009;-7.668699324131012E-002;-1.630940735340118E-001;1.460665836930275E-003;1.984877046197653E-003;
2.466166666666667E+009;-7.772435992956162E-002;-1.627834439277649E-001;1.528057153336704E-003;2.013048855587840E-003;
2.466333333333334E+009;-7.890447229146957E-002;-1.625959873199463E-001;1.774555072188377E-003;1.989699667319655E-003;
2.466500000000000E+009;-7.985023409128189E-002;-1.624338924884796E-001;1.888192608021200E-003;1.877860282547772E-003;
2.466666666666667E+009;-8.088550716638565E-002;-1.621441990137100E-001;1.900365576148033E-003;1.827593776397407E-003;
2.466833333333334E+009;-8.174339681863785E-002;-1.619718670845032E-001;2.062147716060281E-003;1.754493219777942E-003;
2.467000000000000E+009;-8.257133513689041E-002;-1.617320924997330E-001;2.061398932710290E-003;1.706175273284316E-003;
2.467166666666667E+009;-8.355126529932022E-002;-1.615378707647324E-001;2.297779545187950E-003;1.423862297087908E-003;
2.467333333333334E+009;-8.445176482200623E-002;-1.613371521234512E-001;2.185395685955882E-003;1.545535633340478E-003;
2.467500000000000E+009;-8.488404750823975E-002;-1.611371487379074E-001;2.263074507936835E-003;1.309028011746705E-003;
2.467666666666667E+009;-8.564386516809464E-002;-1.608984917402268E-001;2.278889063745737E-003;1.189314061775804E-003;
2.467833333333334E+009;-8.638843148946762E-002;-1.606518477201462E-001;2.282827626913786E-003;1.053252839483321E-003;
2.468000000000000E+009;-8.700134605169296E-002;-1.608450114727020E-001;2.436216920614243E-003;1.047255587764084E-003;
2.468166666666667E+009;-8.755835890769959E-002;-1.604323387145996E-001;2.231126883998513E-003;9.540937608107925E-004;
2.468333333333334E+009;-8.821029216051102E-002;-1.602251827716827E-001;2.249274635687470E-003;9.797245729714632E-004;
2.468500000000000E+009;-8.905793726444244E-002;-1.598095148801804E-001;2.310960553586483E-003;1.019873307086527E-003;
2.468666666666667E+009;-8.947466313838959E-002;-1.595573723316193E-001;2.373828087002039E-003;8.649308583699167E-004;
2.468833333333334E+009;-8.999321609735489E-002;-1.591787785291672E-001;2.418583724647760E-003;8.264192729257047E-004;
2.469000000000000E+009;-9.059000760316849E-002;-1.587400138378143E-001;2.369614318013191E-003;6.215910543687642E-004;
2.469166666666667E+009;-9.095882624387741E-002;-1.583501994609833E-001;2.500678412616253E-003;7.549739093519747E-004;
2.469333333333334E+009;-9.142336994409561E-002;-1.578623503446579E-001;2.422122517600656E-003;6.341455155052245E-004;
2.469500000000000E+009;-9.193701297044754E-002;-1.571739315986633E-001;2.569734817370772E-003;5.458553787320852E-004;
2.469666666666667E+009;-9.257721900939941E-002;-1.566596180200577E-001;2.583643887192011E-003;4.948093555867672E-004;
2.469833333333334E+009;-9.307157248258591E-002;-1.560996323823929E-001;2.526727039366961E-003;3.527716617099941E-004;
2.470000000000000E+009;-9.325666725635529E-002;-1.555903553962708E-001;2.477582544088364E-003;2.968166372738779E-004;
2.470166666666667E+009;-9.395310282707214E-002;-1.547953784465790E-001;2.612135140225291E-003;2.578803978394717E-004;
2.470333333333334E+009;-9.434931725263596E-002;-1.542266905307770E-001;2.691321307793260E-003;1.274439127882943E-004;
2.470500000000000E+009;-9.495864808559418E-002;-1.533584147691727E-001;2.602119697257876E-003;-1.994826379814185E-005;
2.470666666666667E+009;-9.523411840200424E-002;-1.527248024940491E-001;2.664638217538595E-003;-2.288248360855505E-004;
2.470833333333334E+009;-9.590037912130356E-002;-1.519083231687546E-001;2.596188103780150E-003;-2.192290849052370E-004;
2.471000000000000E+009;-9.647239744663239E-002;-1.510364264249802E-001;2.586073474958539E-003;-3.269225417170674E-004;
2.471166666666667E+009;-9.722820669412613E-002;-1.501939147710800E-001;2.660767640918493E-003;-3.828037297353149E-004;
2.471333333333334E+009;-9.797899425029755E-002;-1.493759453296661E-001;2.719930373132229E-003;-3.731589822564274E-004;
2.471500000000000E+009;-9.867621213197708E-002;-1.484511196613312E-001;2.593779936432838E-003;-5.241081817075610E-004;
2.471666666666667E+009;-9.918131679296494E-002;-1.477693468332291E-001;2.682882826775312E-003;-6.182844517752528E-004;
2.471833333333334E+009;-1.000626757740974E-001;-1.467477232217789E-001;2.636772813275456E-003;-6.964608910493553E-004;
2.472000000000000E+009;-1.008490994572640E-001;-1.457410454750061E-001;2.418940188363195E-003;-8.703546482138336E-004;
2.472166666666667E+009;-1.016227304935455E-001;-1.447740644216538E-001;2.571903401985765E-003;-8.690053364261985E-004;
2.472333333333334E+009;-1.026936843991280E-001;-1.438573896884918E-001;2.416920848190785E-003;-8.788879495114088E-004;
2.472500000000000E+009;-1.035580560564995E-001;-1.428474187850952E-001;2.261395100504160E-003;-9.583522332832217E-004;
2.472666666666667E+009;-1.045334413647652E-001;-1.419119834899902E-001;2.256360836327076E-003;-1.050095539540052E-003;
2.472833333333334E+009;-1.057666689157486E-001;-1.409773379564285E-001;2.065867884084582E-003;-1.117324107326567E-003;
2.473000000000000E+009;-1.065138354897499E-001;-1.401227563619614E-001;2.138595329597592E-003;-1.458971644751728E-003;
2.473166666666667E+009;-1.081121489405632E-001;-1.390891820192337E-001;2.085987245664001E-003;-1.343695214018226E-003;
2.473333333333334E+009;-1.091142743825913E-001;-1.379636526107788E-001;2.021366730332375E-003;-1.386553747579455E-003;
2.473500000000000E+009;-1.104760468006134E-001;-1.369146257638931E-001;1.943840296007693E-003;-1.538931275717914E-003;
2.473666666666667E+009;-1.117355674505234E-001;-1.359302699565888E-001;1.888787955977023E-003;-1.346733421087265E-003;
2.473833333333334E+009;-1.130061969161034E-001;-1.350851953029633E-001;1.780063379555941E-003;-1.448352122679353E-003;
2.474000000000000E+009;-1.143040582537651E-001;-1.339143216609955E-001;1.739802770316601E-003;-1.474631018936634E-003;
2.474166666666667E+009;-1.153957843780518E-001;-1.328350156545639E-001;1.680545858107507E-003;-1.540308818221092E-003;
2.474333333333334E+009;-1.167813986539841E-001;-1.318400204181671E-001;1.812547445297241E-003;-1.436530379578471E-003;
2.474500000000000E+009;-1.180903241038322E-001;-1.309090852737427E-001;1.626431941986084E-003;-1.491678063757718E-003;
2.474666666666667E+009;-1.191217526793480E-001;-1.299859136343002E-001;1.639884081669152E-003;-1.601738505996764E-003;
2.474833333333334E+009;-1.204110011458397E-001;-1.292222142219544E-001;1.607780577614904E-003;-1.724247704260051E-003;
2.475000000000000E+009;-1.215288415551186E-001;-1.282185167074204E-001;1.604559947736561E-003;-1.784535706974566E-003;
2.475166666666667E+009;-1.227535605430603E-001;-1.273341476917267E-001;1.590598840266466E-003;-1.635517692193389E-003;
2.475333333333334E+009;-1.237069964408875E-001;-1.265184134244919E-001;1.534224604256451E-003;-1.611498533748090E-003;
2.475500000000000E+009;-1.247351244091988E-001;-1.256434172391892E-001;1.523612183518708E-003;-1.865627476945519E-003;
2.475666666666667E+009;-1.257758885622025E-001;-1.252066940069199E-001;1.476321369409561E-003;-1.861931988969445E-003;
2.475833333333334E+009;-1.267571449279785E-001;-1.244443431496620E-001;1.471470226533711E-003;-1.945247640833259E-003;
2.476000000000000E+009;-1.276029497385025E-001;-1.235874816775322E-001;1.474164542742074E-003;-1.884954748675227E-003;
2.476166666666667E+009;-1.287009865045548E-001;-1.231047287583351E-001;1.381445792503655E-003;-1.992885489016771E-003;
2.476333333333334E+009;-1.296140104532242E-001;-1.224446818232536E-001;1.367923920042813E-003;-2.127252984791994E-003;
2.476500000000000E+009;-1.305016428232193E-001;-1.218272969126701E-001;1.226116437464953E-003;-2.314299345016480E-003;
2.476666666666667E+009;-1.311630308628082E-001;-1.212345659732819E-001;9.242103551514447E-004;-2.293539233505726E-003;
2.476833333333334E+009;-1.320517510175705E-001;-1.206219792366028E-001;9.654979221522808E-004;-2.297020982950926E-003;
2.477000000000000E+009;-1.329720467329025E-001;-1.198951452970505E-001;8.430650923401117E-004;-2.354281488806009E-003;
2.477166666666667E+009;-1.335390508174896E-001;-1.194099113345146E-001;6.154535803943873E-004;-2.293210243806243E-003;
2.477333333333334E+009;-1.341167539358139E-001;-1.185770928859711E-001;6.181724020279944E-004;-2.328840782865882E-003;
2.477500000000000E+009;-1.347768604755402E-001;-1.179037094116211E-001;4.777519789058715E-004;-2.129343105480075E-003;
2.477666666666667E+009;-1.354192346334457E-001;-1.171718537807465E-001;2.887262089643627E-004;-2.223690273240209E-003;
2.477833333333334E+009;-1.357234865427017E-001;-1.163692623376846E-001;3.527060907799751E-004;-2.036663936451078E-003;
2.478000000000000E+009;-1.360511034727097E-001;-1.157855391502380E-001;2.359305508434773E-004;-2.219816669821739E-003;
2.478166666666667E+009;-1.363894790410996E-001;-1.150411739945412E-001;8.708871609997004E-005;-2.092008478939533E-003;
2.478333333333334E+009;-1.366642415523529E-001;-1.141218096017838E-001;1.295560941798613E-004;-2.010186435654759E-003;
2.478500000000000E+009;-1.369448602199554E-001;-1.134658083319664E-001;1.765247288858518E-004;-1.786504755727947E-003;
2.478666666666667E+009;-1.369700878858566E-001;-1.126418635249138E-001;2.588387287687510E-004;-1.962733455002308E-003;
2.478833333333334E+009;-1.372312307357788E-001;-1.118847727775574E-001;3.105122596025467E-005;-1.728252042084932E-003;
2.479000000000000E+009;-1.375539004802704E-001;-1.112363263964653E-001;1.805424253689125E-004;-1.878398354165256E-003;
2.479166666666667E+009;-1.374527364969254E-001;-1.103587895631790E-001;7.867518434068188E-005;-1.786830718629062E-003;
2.479333333333334E+009;-1.377604007720947E-001;-1.092121079564095E-001;1.403712522005662E-004;-1.622752170078456E-003;
2.479500000000000E+009;-1.378146857023239E-001;-1.085248962044716E-001;1.441991917090491E-004;-1.650023274123669E-003;
2.479666666666667E+009;-1.380520313978195E-001;-1.075759753584862E-001;2.243569470010698E-004;-1.799745834432542E-003;
2.479833333333334E+009;-1.380990147590637E-001;-1.065936312079430E-001;2.780203358270228E-004;-1.751650823280215E-003;
2.480000000000000E+009;-1.384407728910446E-001;-1.055938005447388E-001;3.739935636986047E-004;-1.677611842751503E-003;
2.480166666666667E+009;-1.384964585304260E-001;-1.045122742652893E-001;3.459001891314983E-004;-1.728898030705750E-003;
2.480333333333334E+009;-1.387590616941452E-001;-1.034521907567978E-001;3.709269221872091E-004;-1.901139039546251E-003;
2.480500000000000E+009;-1.389509141445160E-001;-1.023299619555473E-001;4.671697097364813E-004;-1.922896131873131E-003;
2.480666666666667E+009;-1.392251998186112E-001;-1.011648401618004E-001;4.499975184444338E-004;-2.066757762804627E-003;
2.480833333333334E+009;-1.395236104726791E-001;-9.997989237308502E-002;4.518110072240233E-004;-2.125793602317572E-003;
2.481000000000000E+009;-1.398172527551651E-001;-9.872786700725555E-002;4.615838988684118E-004;-2.211449667811394E-003;
2.481166666666667E+009;-1.404973417520523E-001;-9.737928211688995E-002;3.238589270040393E-004;-2.321489155292511E-003;
2.481333333333334E+009;-1.408670693635941E-001;-9.613770246505737E-002;2.216393477283418E-004;-2.409945474937558E-003;
2.481500000000000E+009;-1.413611471652985E-001;-9.475178271532059E-002;4.007218813057989E-004;-2.531649544835091E-003;
2.481666666666667E+009;-1.420084983110428E-001;-9.329969435930252E-002;5.909706669626758E-005;-2.705244580283761E-003;
2.481833333333334E+009;-1.427309960126877E-001;-9.181611984968185E-002;4.078837082488462E-005;-2.623425796627998E-003;
2.482000000000000E+009;-1.434315294027329E-001;-9.023614972829819E-002;-9.650761057855561E-005;-2.718938048928976E-003;
2.482166666666667E+009;-1.443893760442734E-001;-8.857447654008865E-002;-2.452201442793012E-004;-2.913179807364941E-003;
2.482333333333334E+009;-1.448168009519577E-001;-8.695659041404724E-002;-4.859570180997253E-004;-2.964613260701299E-003;
2.482500000000000E+009;-1.456806063652039E-001;-8.543579280376434E-002;-4.326366179157049E-004;-2.872870536521077E-003;
2.482666666666667E+009;-1.465905755758286E-001;-8.367511630058289E-002;-6.571803241968155E-004;-2.802338218316436E-003;
2.482833333333334E+009;-1.472724378108978E-001;-8.201090246438980E-002;-8.908574236556888E-004;-2.913509029895067E-003;
2.483000000000000E+009;-1.481272131204605E-001;-8.035455644130707E-002;-9.048196370713413E-004;-2.953567076474428E-003;
2.483166666666667E+009;-1.488196700811386E-001;-7.874017208814621E-002;-1.072344952262938E-003;-2.988941501826048E-003;
2.483333333333334E+009;-1.498203128576279E-001;-7.725087553262711E-002;-1.156533253379166E-003;-2.900571562349796E-003;
2.483500000000000E+009;-1.508286446332932E-001;-7.574234157800674E-002;-1.164891873486340E-003;-3.162532579153776E-003;
2.483666666666667E+009;-1.516321748495102E-001;-7.406391203403473E-002;-1.425771159119904E-003;-2.928370377048850E-003;
2.483833333333334E+009;-1.526333838701248E-001;-7.281075417995453E-002;-1.420072512701154E-003;-2.920166356489062E-003;
2.484000000000000E+009;-1.535518765449524E-001;-7.111106812953949E-002;-1.597779570147395E-003;-2.992914989590645E-003;
2.484166666666667E+009;-1.546777784824371E-001;-6.975758075714111E-002;-1.729897456243634E-003;-2.966786734759808E-003;
2.484333333333334E+009;-1.555351167917252E-001;-6.855098903179169E-002;-2.019173000007868E-003;-2.945601940155029E-003;
2.484500000000000E+009;-1.566194593906403E-001;-6.700373440980911E-002;-2.062567509710789E-003;-3.037813585251570E-003;
2.484666666666667E+009;-1.576682478189468E-001;-6.579848378896713E-002;-2.277480205520988E-003;-2.759791212156415E-003;
2.484833333333334E+009;-1.586326062679291E-001;-6.447818875312805E-002;-2.502499148249626E-003;-2.737006638199091E-003;
2.485000000000000E+009;-1.596609801054001E-001;-6.331388652324677E-002;-2.609190065413714E-003;-2.693777438253164E-003;
2.485166666666667E+009;-1.605379134416580E-001;-6.211046129465103E-002;-2.669931855052710E-003;-2.569055650383234E-003;
2.485333333333334E+009;-1.615549921989441E-001;-6.111649423837662E-002;-2.870025113224983E-003;-2.406058600172401E-003;
2.485500000000000E+009;-1.624347418546677E-001;-5.972580611705780E-002;-3.133524442091584E-003;-2.301485510542989E-003;
2.485666666666667E+009;-1.631364822387695E-001;-5.884370207786560E-002;-3.245424712076783E-003;-2.319253282621503E-003;
2.485833333333334E+009;-1.639905869960785E-001;-5.790089815855026E-002;-3.377792658284307E-003;-2.066514454782009E-003;
2.486000000000000E+009;-1.647939085960388E-001;-5.694646388292313E-002;-3.534918883815408E-003;-1.958166714757681E-003;
2.486166666666667E+009;-1.653585284948349E-001;-5.602865293622017E-002;-3.511365270242095E-003;-1.826781197451055E-003;
2.486333333333334E+009;-1.659258157014847E-001;-5.523262172937393E-002;-3.652012674137950E-003;-1.340055838227272E-003;
2.486500000000000E+009;-1.666528284549713E-001;-5.437014997005463E-002;-3.771317657083273E-003;-1.379209803417325E-003;
2.486666666666667E+009;-1.670896261930466E-001;-5.367595329880714E-002;-3.765114815905690E-003;-1.032174099236727E-003;
2.486833333333334E+009;-1.674805134534836E-001;-5.296917632222176E-002;-3.810338908806443E-003;-9.471101802773774E-004;
2.487000000000000E+009;-1.680137068033218E-001;-5.250862985849381E-002;-3.984529525041580E-003;-7.949541322886944E-004;
2.487166666666667E+009;-1.682450026273727E-001;-5.184116214513779E-002;-3.863374469801784E-003;-5.720104090869427E-004;
2.487333333333334E+009;-1.686550378799439E-001;-5.109130591154099E-002;-4.127047955989838E-003;-3.879471041727811E-004;
2.487500000000000E+009;-1.685637086629868E-001;-5.052573606371880E-002;-3.959510475397110E-003;-9.981130278902128E-005;
2.487666666666667E+009;-1.691017746925354E-001;-5.005500838160515E-002;-3.978080116212368E-003;7.751391967758536E-005;
2.487833333333334E+009;-1.690837442874908E-001;-4.945094510912895E-002;-4.006091970950365E-003;2.507641620468348E-004;
2.488000000000000E+009;-1.691279411315918E-001;-4.877965152263641E-002;-4.029791336506605E-003;3.580437623895705E-004;
2.488166666666667E+009;-1.694020032882690E-001;-4.801720008254051E-002;-3.923941869288683E-003;5.326407845132053E-004;
2.488333333333334E+009;-1.693289279937744E-001;-4.751262441277504E-002;-3.880596719682217E-003;8.958501275628805E-004;
2.488500000000000E+009;-1.693769991397858E-001;-4.697347804903984E-002;-3.717141458764672E-003;1.107655116356909E-003;
2.488666666666667E+009;-1.692668497562408E-001;-4.618179798126221E-002;-3.550818422809243E-003;1.413879683241248E-003;
2.488833333333334E+009;-1.693510413169861E-001;-4.555324465036392E-002;-3.662277013063431E-003;1.571491942740977E-003;
2.489000000000000E+009;-1.692803204059601E-001;-4.476919025182724E-002;-3.267062827944756E-003;1.756096957251430E-003;
2.489166666666667E+009;-1.692557632923126E-001;-4.369274526834488E-002;-3.223029663786292E-003;2.012547571212053E-003;
2.489333333333334E+009;-1.691243946552277E-001;-4.284881055355072E-002;-3.166768234223127E-003;2.235363004729152E-003;
2.489500000000000E+009;-1.692167073488236E-001;-4.175944253802300E-002;-2.940727863460779E-003;2.086867112666369E-003;
2.489666666666667E+009;-1.689130812883377E-001;-4.057245329022408E-002;-2.511912025511265E-003;2.361103892326355E-003;
2.489833333333334E+009;-1.689354926347733E-001;-3.929866850376129E-002;-2.369042485952377E-003;2.348868409171701E-003;
2.490000000000000E+009;-1.685938090085983E-001;-3.816755861043930E-002;-2.016193000599742E-003;2.444934798404574E-003;
2.490166666666667E+009;-1.683805584907532E-001;-3.653298318386078E-002;-1.962203765287995E-003;2.347532892599702E-003;
2.490333333333334E+009;-1.681227385997772E-001;-3.530939668416977E-002;-1.650935504585505E-003;2.273830352351070E-003;
2.490500000000000E+009;-1.675962060689926E-001;-3.346717730164528E-002;-1.468795118853450E-003;2.379263052716851E-003;
2.490666666666667E+009;-1.677263379096985E-001;-3.191753849387169E-002;-1.399986445903778E-003;2.098937053233385E-003;
2.490833333333334E+009;-1.673634946346283E-001;-3.028994426131249E-002;-1.274173846468329E-003;2.009763149544597E-003;
2.491000000000000E+009;-1.671718358993530E-001;-2.864394150674343E-002;-1.130759483203292E-003;1.802940736524761E-003;
2.491166666666667E+009;-1.667591333389282E-001;-2.676201611757278E-002;-9.934339905157685E-004;1.739802188239992E-003;
2.491333333333334E+009;-1.666718423366547E-001;-2.478719316422939E-002;-9.079469600692391E-004;1.753036282025278E-003;
2.491500000000000E+009;-1.665812283754349E-001;-2.294821850955486E-002;-9.754621423780918E-004;1.542075187899172E-003;
2.491666666666667E+009;-1.662774384021759E-001;-2.098582312464714E-002;-1.042565330862999E-003;1.672566169872880E-003;
2.491833333333334E+009;-1.661494672298431E-001;-1.865682192146778E-002;-1.197666977532208E-003;1.481131650507450E-003;
2.492000000000000E+009;-1.658740043640137E-001;-1.680421642959118E-002;-1.072682905942202E-003;1.521219965070486E-003;
2.492166666666667E+009;-1.659421622753143E-001;-1.461335550993681E-002;-1.159536885097623E-003;1.438233070075512E-003;
2.492333333333334E+009;-1.657987982034683E-001;-1.262051705271006E-002;-1.230151858180761E-003;1.402231282554567E-003;
2.492500000000000E+009;-1.656261831521988E-001;-1.032144948840141E-002;-1.123214606195688E-003;1.493574236519635E-003;
2.492666666666667E+009;-1.654602885246277E-001;-8.119617588818073E-003;-1.324679702520371E-003;1.522114267572761E-003;
2.492833333333334E+009;-1.652327030897141E-001;-5.834868177771568E-003;-1.199132297188044E-003;1.515161246061325E-003;
2.493000000000000E+009;-1.653424203395844E-001;-3.882795106619597E-003;-1.227296306751669E-003;1.524509396404028E-003;
2.493166666666667E+009;-1.653308570384979E-001;-1.889096805825830E-003;-1.256507006473839E-003;1.650723046623170E-003;
2.493333333333334E+009;-1.653486639261246E-001;1.848658030212391E-005;-1.314598135650158E-003;1.664528623223305E-003;
2.493500000000000E+009;-1.654704064130783E-001;2.387864980846643E-003;-1.320179319009185E-003;1.757493824698031E-003;
2.493666666666667E+009;-1.656934618949890E-001;4.139193799346685E-003;-1.220118370838463E-003;1.754444674588740E-003;
2.493833333333334E+009;-1.657689511775971E-001;6.182325072586536E-003;-1.290896674618125E-003;1.858679228462279E-003;
2.494000000000000E+009;-1.657882332801819E-001;8.207774721086025E-003;-1.256757299415767E-003;1.785985892638564E-003;
2.494166666666667E+009;-1.660488098859787E-001;9.901827201247215E-003;-1.107981777749956E-003;1.993464073166251E-003;
2.494333333333334E+009;-1.663742959499359E-001;1.152601465582848E-002;-1.204867498017848E-003;2.186924917623401E-003;
2.494500000000000E+009;-1.667544394731522E-001;1.340332720428705E-002;-1.186609035357833E-003;2.177091315388680E-003;
2.494666666666667E+009;-1.670481413602829E-001;1.509310211986303E-002;-1.024269731715322E-003;2.227166667580605E-003;
2.494833333333334E+009;-1.675577312707901E-001;1.656539924442768E-002;-8.856664644554257E-004;2.363867126405239E-003;
2.495000000000000E+009;-1.679357737302780E-001;1.805262826383114E-002;-7.000991608947516E-004;2.427083207294345E-003;
2.495166666666667E+009;-1.682339310646057E-001;1.957930997014046E-002;-6.849839119240642E-004;2.499878173694015E-003;
2.495333333333334E+009;-1.688430309295654E-001;2.094426378607750E-002;-5.260490579530597E-004;2.387572312727571E-003;
2.495500000000000E+009;-1.694035530090332E-001;2.240750379860401E-002;-3.458208520896733E-004;2.272373763844371E-003;
2.495666666666667E+009;-1.698453873395920E-001;2.362427674233913E-002;-2.104716404573992E-004;2.475260524079204E-003;
2.495833333333334E+009;-1.702046692371368E-001;2.486009895801544E-002;-3.566707309801132E-004;2.274428261443973E-003;
2.496000000000000E+009;-1.704704910516739E-001;2.607069164514542E-002;-5.654386768583208E-005;2.270370023325086E-003;
2.496166666666667E+009;-1.711207777261734E-001;2.738100662827492E-002;-3.355990702402778E-005;2.247787080705166E-003;
2.496333333333334E+009;-1.716613173484802E-001;2.848334982991219E-002;1.224934239871800E-004;2.101720776408911E-003;
2.496500000000000E+009;-1.719451695680618E-001;2.964316867291927E-002;1.325774064753205E-004;2.012218814343214E-003;
2.496666666666667E+009;-1.722144037485123E-001;3.077778592705727E-002;5.502921339939348E-005;1.873094821348786E-003;
2.496833333333334E+009;-1.723211407661438E-001;3.189270198345184E-002;-2.564361966506112E-005;1.797923818230629E-003;
2.497000000000000E+009;-1.726151853799820E-001;3.293826058506966E-002;-9.741233225213364E-005;1.822501420974731E-003;
2.497166666666667E+009;-1.726951301097870E-001;3.394168615341187E-002;6.011448203935288E-005;1.854264410212636E-003;
2.497333333333334E+009;-1.728923171758652E-001;3.474210575222969E-002;3.482968168100342E-005;1.858783303759992E-003;
2.497500000000000E+009;-1.727107912302017E-001;3.574503958225250E-002;-4.840778638026677E-005;1.855892129242420E-003;
2.497666666666667E+009;-1.724213659763336E-001;3.672935068607330E-002;-1.712924276944250E-004;1.605761470273137E-003;
2.497833333333334E+009;-1.722629964351654E-001;3.768183663487434E-002;-1.808949018595740E-004;1.809014938771725E-003;
2.498000000000000E+009;-1.720846593379974E-001;3.856356441974640E-002;-1.036780740832910E-004;1.932723098434508E-003;
2.498166666666667E+009;-1.715658754110336E-001;3.956328332424164E-002;-3.301310352981091E-004;2.107277512550354E-003;
2.498333333333334E+009;-1.713948249816895E-001;4.054183885455132E-002;-1.418548054061830E-004;1.832324429415166E-003;
2.498500000000000E+009;-1.709103137254715E-001;4.149520397186279E-002;-1.278547133551911E-004;2.146908082067967E-003;
2.498666666666667E+009;-1.702258735895157E-001;4.230285063385963E-002;-1.904864329844713E-004;2.143803751096129E-003;
2.498833333333334E+009;-1.696515679359436E-001;4.326875507831574E-002;-1.671793725108728E-004;2.239255467429757E-003;
2.499000000000000E+009;-1.689974516630173E-001;4.434390366077423E-002;-1.355077984044328E-004;2.311363117769361E-003;
2.499166666666667E+009;-1.683830022811890E-001;4.529752954840660E-002;-8.053684723563492E-005;2.311927266418934E-003;
2.499333333333334E+009;-1.673284471035004E-001;4.629507288336754E-002;-1.818318123696372E-004;2.344018081203103E-003;
2.499500000000000E+009;-1.669103503227234E-001;4.736986011266708E-002;-4.697041367762722E-005;2.537345979362726E-003;
2.499666666666667E+009;-1.659586727619171E-001;4.862292110919952E-002;-1.355409949610476E-005;2.569788368418813E-003;
2.499833333333334E+009;-1.651993244886398E-001;4.994387552142143E-002;1.596119691384956E-004;2.721685916185379E-003;
2.500000000000000E+009;-1.644378751516342E-001;5.096234381198883E-002;3.017768904101104E-004;2.873377176001668E-003;
