# Version 1.00
#
freq[Hz];re:Trc1_S11;im:Trc1_S11;re:Trc2_S21;im:Trc2_S21;
2.400000000000000E+009;1.632275730371475E-001;5.158026516437531E-002;5.945481243543327E-004;3.789409529417753E-003;
2.400166666666667E+009;1.630638986825943E-001;5.012094229459763E-002;6.776110967621207E-004;3.770572366192937E-003;
2.400333333333334E+009;1.628535985946655E-001;4.822913184762001E-002;7.865485385991633E-004;3.887864528223872E-003;
2.400500000000000E+009;1.630144715309143E-001;4.634209349751473E-002;8.518634713254869E-004;4.055437631905079E-003;
2.400666666666667E+009;1.629357188940048E-001;4.444652050733566E-002;7.976280176080763E-004;3.899333998560906E-003;
2.400833333333334E+009;1.630861014127731E-001;4.286536946892738E-002;1.173290889710188E-003;4.082130733877420E-003;
2.401000000000000E+009;1.630012243986130E-001;4.074726253747940E-002;1.362099312245846E-003;4.169320221990347E-003;
2.401166666666667E+009;1.631851792335510E-001;3.879721090197563E-002;1.649804762564600E-003;4.131171386688948E-003;
2.401333333333334E+009;1.631434261798859E-001;3.678382188081741E-002;1.594108296558261E-003;4.265463910996914E-003;
2.401500000000000E+009;1.635405272245407E-001;3.467779606580734E-002;1.792748109437525E-003;4.273018334060907E-003;
2.401666666666667E+009;1.637145131826401E-001;3.305567428469658E-002;2.125583589076996E-003;4.249098245054483E-003;
2.401833333333334E+009;1.639427542686462E-001;3.092404082417488E-002;2.349029993638396E-003;4.383483901619911E-003;
2.402000000000000E+009;1.640465855598450E-001;2.900066040456295E-002;2.543035428971052E-003;4.280828405171633E-003;
2.402166666666667E+009;1.644675582647324E-001;2.714707143604755E-002;2.774091670289636E-003;4.278238862752914E-003;
2.402333333333334E+009;1.647887080907822E-001;2.541165798902512E-002;3.180145518854260E-003;4.214004613459110E-003;
2.402500000000000E+009;1.656916439533234E-001;2.371371164917946E-002;3.262206213548780E-003;4.091490060091019E-003;
2.402666666666667E+009;1.660717278718948E-001;2.194261550903320E-002;3.737249411642551E-003;3.974433988332748E-003;
2.402833333333334E+009;1.666087955236435E-001;2.030624821782112E-002;3.879075171425939E-003;3.768049180507660E-003;
2.403000000000000E+009;1.672133058309555E-001;1.874547451734543E-002;4.165822174400091E-003;3.613886889070272E-003;
2.403166666666667E+009;1.678386628627777E-001;1.722587458789349E-002;4.358946811407805E-003;3.588419640436769E-003;
2.403333333333334E+009;1.686022281646729E-001;1.563344709575176E-002;4.580182023346424E-003;3.148890798911452E-003;
2.403500000000000E+009;1.691455692052841E-001;1.432234700769186E-002;4.949486348778009E-003;3.034888999536634E-003;
2.403666666666667E+009;1.700505018234253E-001;1.276687625795603E-002;5.001117009669542E-003;2.733941422775388E-003;
2.403833333333334E+009;1.708014160394669E-001;1.150992047041655E-002;5.293288733810186E-003;2.560109132900834E-003;
2.404000000000000E+009;1.714552491903305E-001;1.051229331642389E-002;5.531826056540012E-003;2.058414742350578E-003;
2.404166666666667E+009;1.723260879516602E-001;9.186246432363987E-003;5.580429919064045E-003;1.754493336193264E-003;
2.404333333333334E+009;1.728289574384689E-001;8.060934953391552E-003;5.859714467078447E-003;1.541125355288386E-003;
2.404500000000000E+009;1.736404746770859E-001;7.103087846189737E-003;5.807167850434780E-003;1.198040437884629E-003;
2.404666666666667E+009;1.745215356349945E-001;6.149431690573692E-003;5.852096714079380E-003;8.049135794863105E-004;
2.404833333333334E+009;1.751884073019028E-001;5.260660313069820E-003;5.941536743193865E-003;3.795910452026874E-004;
2.405000000000000E+009;1.759482622146606E-001;4.506965167820454E-003;5.963553208857775E-003;1.952905731741339E-004;
2.405166666666667E+009;1.764326393604279E-001;3.851671935990453E-003;5.880233366042376E-003;-3.231378213968128E-004;
2.405333333333334E+009;1.772543191909790E-001;3.087596036493778E-003;5.657698959112167E-003;-5.284628132358193E-004;
2.405500000000000E+009;1.777459532022476E-001;2.617015270516276E-003;5.612189881503582E-003;-9.278536308556795E-004;
2.405666666666667E+009;1.783822178840637E-001;2.166060497984290E-003;5.583669990301132E-003;-1.161762280389667E-003;
2.405833333333334E+009;1.786017417907715E-001;1.652085338719189E-003;5.416552070528269E-003;-1.387402298860252E-003;
2.406000000000000E+009;1.792104393243790E-001;1.199547667056322E-003;5.236482247710228E-003;-1.759840874001384E-003;
2.406166666666667E+009;1.793715208768845E-001;9.705264819785953E-004;5.190287716686726E-003;-1.916837063618004E-003;
2.406333333333334E+009;1.798829138278961E-001;4.356401041150093E-004;4.886772949248552E-003;-2.259727101773024E-003;
2.406500000000000E+009;1.801764965057373E-001;8.071681804722175E-005;4.818078596144915E-003;-2.350101945921779E-003;
2.406666666666667E+009;1.800197958946228E-001;-1.657477259868756E-004;4.518597386777401E-003;-2.651563612744212E-003;
2.406833333333334E+009;1.802602261304855E-001;-5.725043592974544E-004;4.191969521343708E-003;-2.714869100600481E-003;
2.407000000000000E+009;1.803355067968369E-001;-9.052554378286004E-004;4.194181412458420E-003;-2.930933842435479E-003;
2.407166666666667E+009;1.803571730852127E-001;-1.220548059791327E-003;4.011866636574268E-003;-3.118182066828013E-003;
2.407333333333334E+009;1.801162660121918E-001;-1.735436031594873E-003;3.645559074357152E-003;-3.439097432419658E-003;
2.407500000000000E+009;1.800232380628586E-001;-2.014053286984563E-003;3.585582133382559E-003;-3.347367513924837E-003;
2.407666666666667E+009;1.797839701175690E-001;-2.457660855725408E-003;3.326776903122664E-003;-3.498110687360168E-003;
2.407833333333334E+009;1.793509870767593E-001;-3.119596745818853E-003;3.159980988129973E-003;-3.634964348748326E-003;
2.408000000000000E+009;1.790782660245895E-001;-3.753702854737639E-003;2.896182471886277E-003;-3.693496342748404E-003;
2.408166666666667E+009;1.786155104637146E-001;-4.341424908488989E-003;2.777997637167573E-003;-3.823088482022286E-003;
2.408333333333334E+009;1.783330887556076E-001;-4.971883725374937E-003;2.419944619759917E-003;-3.820805577561259E-003;
2.408500000000000E+009;1.777147501707077E-001;-5.732100922614336E-003;2.281152876093984E-003;-3.905247431248426E-003;
2.408666666666667E+009;1.770218312740326E-001;-6.652938202023506E-003;2.006548456847668E-003;-3.861368633806706E-003;
2.408833333333334E+009;1.763953864574432E-001;-7.478991523385048E-003;1.863102545030415E-003;-4.029101226478815E-003;
2.409000000000000E+009;1.756858080625534E-001;-8.316108025610447E-003;1.652564154937863E-003;-3.830431960523129E-003;
2.409166666666667E+009;1.751210987567902E-001;-9.513543918728828E-003;1.444698194973171E-003;-3.849968547001481E-003;
2.409333333333334E+009;1.744446307420731E-001;-1.081810146570206E-002;1.178630278445780E-003;-3.823710605502129E-003;
2.409500000000000E+009;1.734823584556580E-001;-1.199871487915516E-002;1.191186020150781E-003;-3.962947521358728E-003;
2.409666666666667E+009;1.728293299674988E-001;-1.323754806071520E-002;8.875567582435906E-004;-3.870255779474974E-003;
2.409833333333334E+009;1.720953434705734E-001;-1.450204104185104E-002;6.315585342235863E-004;-3.715332597494125E-003;
2.410000000000000E+009;1.715105921030045E-001;-1.597473770380020E-002;5.954978987574577E-004;-3.563388483598828E-003;
2.410166666666667E+009;1.708843559026718E-001;-1.741649210453033E-002;4.848682729061693E-004;-3.561215708032250E-003;
2.410333333333334E+009;1.702856123447418E-001;-1.926791667938232E-002;3.067956131417304E-004;-3.491491079330444E-003;
2.410500000000000E+009;1.696140319108963E-001;-2.062261477112770E-002;3.169399278704077E-004;-3.362270537763834E-003;
2.410666666666667E+009;1.690821349620819E-001;-2.243732288479805E-002;9.170229168375954E-005;-3.361568786203861E-003;
2.410833333333334E+009;1.686085164546967E-001;-2.414328791201115E-002;1.984356786124408E-004;-3.295792965218425E-003;
2.411000000000000E+009;1.681300252676010E-001;-2.578908018767834E-002;-5.699964822269976E-005;-3.229306312277913E-003;
2.411166666666667E+009;1.675225496292114E-001;-2.773983031511307E-002;-5.377766865422018E-005;-3.152675926685333E-003;
2.411333333333334E+009;1.672872155904770E-001;-2.957121096551418E-002;-4.612630800693296E-005;-3.023823490366340E-003;
2.411500000000000E+009;1.669552326202393E-001;-3.142931684851646E-002;-1.270792854484171E-004;-2.884112065657973E-003;
2.411666666666667E+009;1.667934507131577E-001;-3.334048017859459E-002;-1.786267384886742E-004;-3.054781584069133E-003;
2.411833333333334E+009;1.665710806846619E-001;-3.539423644542694E-002;-2.537523978389800E-004;-3.034661291167140E-003;
2.412000000000000E+009;1.665416806936264E-001;-3.717377781867981E-002;-3.841237630695105E-004;-3.063032869249582E-003;
2.412166666666667E+009;1.663204431533814E-001;-3.930012881755829E-002;-5.399882211349905E-004;-2.836051397025585E-003;
2.412333333333334E+009;1.664653122425079E-001;-4.108189046382904E-002;-4.868021060246974E-004;-2.880408661440015E-003;
2.412500000000000E+009;1.663571596145630E-001;-4.284265264868736E-002;-6.659185746684670E-004;-2.906593028455973E-003;
2.412666666666667E+009;1.665648370981216E-001;-4.491228610277176E-002;-7.520562503486872E-004;-2.893494907766581E-003;
2.412833333333334E+009;1.667728275060654E-001;-4.664809629321098E-002;-9.573622955940664E-004;-2.858693944290280E-003;
2.413000000000000E+009;1.670910567045212E-001;-4.834783449769020E-002;-8.575085084885359E-004;-2.898572478443384E-003;
2.413166666666667E+009;1.673308014869690E-001;-5.029727518558502E-002;-9.448878117837012E-004;-2.775247907266021E-003;
2.413333333333334E+009;1.674229353666306E-001;-5.183900892734528E-002;-1.155030913650990E-003;-2.750752726569772E-003;
2.413500000000000E+009;1.679506152868271E-001;-5.352858453989029E-002;-1.268458901904523E-003;-2.752984641119838E-003;
2.413666666666667E+009;1.684346497058868E-001;-5.524690821766853E-002;-1.156001002527773E-003;-2.749619539827108E-003;
2.413833333333334E+009;1.685345768928528E-001;-5.649301409721375E-002;-1.449138275347650E-003;-2.622094936668873E-003;
2.414000000000000E+009;1.689159721136093E-001;-5.800153315067291E-002;-1.614045235328376E-003;-2.519898582249880E-003;
2.414166666666667E+009;1.696258783340454E-001;-5.926400423049927E-002;-1.625507487915456E-003;-2.463364508002996E-003;
2.414333333333334E+009;1.698983609676361E-001;-6.065295264124870E-002;-1.838907715864480E-003;-2.478517126291990E-003;
2.414500000000000E+009;1.704206764698029E-001;-6.172998994588852E-002;-1.931959763169289E-003;-2.093859715387225E-003;
2.414666666666667E+009;1.708164811134338E-001;-6.272488087415695E-002;-1.952179009094834E-003;-2.023758366703987E-003;
2.414833333333334E+009;1.711824536323547E-001;-6.381825357675552E-002;-2.017545746639371E-003;-2.071853261440992E-003;
2.415000000000000E+009;1.715559065341950E-001;-6.452660262584686E-002;-2.298806561157107E-003;-1.980524742975831E-003;
2.415166666666667E+009;1.718339174985886E-001;-6.553421169519424E-002;-2.260206034407020E-003;-1.907660975120962E-003;
2.415333333333334E+009;1.724660396575928E-001;-6.624861806631088E-002;-2.206607488915324E-003;-1.702632405795157E-003;
2.415500000000000E+009;1.726606786251068E-001;-6.690761446952820E-002;-2.386710373684764E-003;-1.381977694109082E-003;
2.415666666666667E+009;1.728120297193527E-001;-6.732431799173355E-002;-2.544284798204899E-003;-1.443415880203247E-003;
2.415833333333334E+009;1.731022745370865E-001;-6.791328638792038E-002;-2.475370420143008E-003;-1.261457102373242E-003;
2.416000000000000E+009;1.731149703264237E-001;-6.835324317216873E-002;-2.460625022649765E-003;-1.156996702775359E-003;
2.416166666666667E+009;1.734203100204468E-001;-6.872209906578064E-002;-2.299721352756023E-003;-1.060080714523792E-003;
2.416333333333334E+009;1.733422577381134E-001;-6.918884068727493E-002;-2.404249971732497E-003;-7.370863459073007E-004;
2.416500000000000E+009;1.731570512056351E-001;-6.944993883371353E-002;-2.461640629917383E-003;-6.137259770184755E-004;
2.416666666666667E+009;1.729352176189423E-001;-6.964056938886643E-002;-2.394064096733928E-003;-3.796071396209300E-004;
2.416833333333334E+009;1.728804111480713E-001;-7.011870294809341E-002;-2.278003375977278E-003;-2.983127487823367E-004;
2.417000000000000E+009;1.722549647092819E-001;-7.029537856578827E-002;-2.342217369005084E-003;-1.340259914286435E-004;
2.417166666666667E+009;1.720293462276459E-001;-7.028240710496903E-002;-2.215113723650575E-003;-7.784972694935277E-005;
2.417333333333334E+009;1.714107096195221E-001;-7.046362012624741E-002;-2.235939959064126E-003;1.656113890931010E-004;
2.417500000000000E+009;1.708078682422638E-001;-7.085158675909042E-002;-1.986833522096276E-003;5.602510645985603E-005;
2.417666666666667E+009;1.703120768070221E-001;-7.098263502120972E-002;-1.946057192981243E-003;2.277993480674923E-004;
2.417833333333334E+009;1.695431023836136E-001;-7.107789814472199E-002;-1.909686950966716E-003;2.433766057947651E-004;
2.418000000000000E+009;1.686393916606903E-001;-7.150387018918991E-002;-1.688897493295372E-003;4.699326236732304E-004;
2.418166666666667E+009;1.677194088697434E-001;-7.171906530857086E-002;-1.629648730158806E-003;5.001963581889868E-004;
2.418333333333334E+009;1.669511646032333E-001;-7.206507772207260E-002;-1.526287756860256E-003;5.160705768503249E-004;
2.418500000000000E+009;1.658666133880615E-001;-7.242874056100845E-002;-1.520991558209062E-003;5.239662132225931E-004;
2.418666666666667E+009;1.649299710988998E-001;-7.282193005084992E-002;-1.343042240478098E-003;7.667532772757113E-004;
2.418833333333334E+009;1.637165844440460E-001;-7.333847135305405E-002;-1.298938062973321E-003;7.271368522197008E-004;
2.419000000000000E+009;1.624297052621841E-001;-7.375053316354752E-002;-1.175410347059369E-003;6.996960146352649E-004;
2.419166666666667E+009;1.612391173839569E-001;-7.440097630023956E-002;-1.064311829395592E-003;7.657040841877461E-004;
2.419333333333334E+009;1.599577069282532E-001;-7.485555857419968E-002;-9.425245807506144E-004;6.472568493336439E-004;
2.419500000000000E+009;1.587355136871338E-001;-7.573693245649338E-002;-8.894904167391360E-004;6.026352639310062E-004;
2.419666666666667E+009;1.577252596616745E-001;-7.650234550237656E-002;-8.538233232684434E-004;6.518654408864677E-004;
2.419833333333334E+009;1.562982201576233E-001;-7.718302309513092E-002;-6.997269811108708E-004;7.014060392975807E-004;
2.420000000000000E+009;1.552685350179672E-001;-7.831730693578720E-002;-7.779774023219943E-004;5.666813231073320E-004;
2.420166666666667E+009;1.539873331785202E-001;-7.937918603420258E-002;-6.133420974947512E-004;5.786176188848913E-004;
2.420333333333334E+009;1.530954837799072E-001;-8.045059442520142E-002;-6.587359239347279E-004;6.782688433304429E-004;
2.420500000000000E+009;1.519562751054764E-001;-8.148678392171860E-002;-4.621680127456784E-004;4.945992259308696E-004;
2.420666666666667E+009;1.507478654384613E-001;-8.270944654941559E-002;-3.738687373697758E-004;5.426647257991135E-004;
2.420833333333334E+009;1.496854722499847E-001;-8.415535092353821E-002;-3.245750558562577E-004;4.882804641965777E-004;
2.421000000000000E+009;1.487508416175842E-001;-8.549774438142777E-002;-3.254194743931294E-004;5.628417711704969E-004;
2.421166666666667E+009;1.479168236255646E-001;-8.694518357515335E-002;-1.848485553637147E-004;5.409420700743794E-004;
2.421333333333334E+009;1.471884399652481E-001;-8.855553716421127E-002;-2.290347911184654E-004;3.741240070667118E-004;
2.421500000000000E+009;1.462785452604294E-001;-8.993615210056305E-002;-7.750422082608566E-005;4.517599591054022E-004;
2.421666666666667E+009;1.456522941589356E-001;-9.162148088216782E-002;2.373522329435218E-005;2.363707171753049E-004;
2.421833333333334E+009;1.450894027948380E-001;-9.325186908245087E-002;4.414273007569136E-006;4.345798806753010E-004;
2.422000000000000E+009;1.445820182561874E-001;-9.491260349750519E-002;-1.044708915287629E-004;2.277667517773807E-004;
2.422166666666667E+009;1.440934687852860E-001;-9.684174507856369E-002;7.736004772596061E-005;2.052477648248896E-004;
2.422333333333334E+009;1.438365727663040E-001;-9.836415201425552E-002;8.961056300904602E-005;-2.862592918972950E-005;
2.422500000000000E+009;1.436326354742050E-001;-1.000371649861336E-001;5.103748117107898E-005;6.382187712006271E-005;
2.422666666666667E+009;1.433092951774597E-001;-1.017619892954826E-001;1.269727217731997E-004;-1.310685911448672E-004;
2.422833333333334E+009;1.431197673082352E-001;-1.035570278763771E-001;1.274050446227193E-004;-1.945708936545998E-004;
2.423000000000000E+009;1.432900428771973E-001;-1.052642837166786E-001;7.815082790330052E-005;-1.424927031621337E-004;
2.423166666666667E+009;1.432812809944153E-001;-1.071573421359062E-001;1.495463075116277E-004;-6.645951361861080E-005;
2.423333333333334E+009;1.434469968080521E-001;-1.083916053175926E-001;1.016475289361551E-004;-2.553849481046200E-004;
2.423500000000000E+009;1.435408145189285E-001;-1.102346852421761E-001;1.094969193218276E-004;-5.183511530049145E-004;
2.423666666666667E+009;1.435431391000748E-001;-1.117891818284988E-001;-7.351989916060120E-005;-3.189466660842300E-004;
2.423833333333334E+009;1.439474970102310E-001;-1.134306788444519E-001;1.106112613342702E-004;-4.621574189513922E-004;
2.424000000000000E+009;1.441771984100342E-001;-1.146985143423080E-001;1.853461071732454E-006;-6.736662471666932E-004;
2.424166666666667E+009;1.444294452667236E-001;-1.161112040281296E-001;-7.084824028424919E-005;-6.186905084177852E-004;
2.424333333333334E+009;1.448019146919251E-001;-1.174314841628075E-001;-1.192882700706832E-004;-7.715756655670703E-004;
2.424500000000000E+009;1.452093124389648E-001;-1.186910271644592E-001;-1.889483392005786E-004;-6.631232681684196E-004;
2.424666666666667E+009;1.457032859325409E-001;-1.196218505501747E-001;-3.238629433326423E-004;-7.865530205890536E-004;
2.424833333333334E+009;1.459323614835739E-001;-1.206279620528221E-001;-3.029641811735928E-004;-8.925574948079884E-004;
2.425000000000000E+009;1.463727205991745E-001;-1.218460574746132E-001;-4.014817532151938E-004;-8.837985224090517E-004;
2.425166666666667E+009;1.465055197477341E-001;-1.226019933819771E-001;-4.031153512187302E-004;-6.805708981119096E-004;
2.425333333333334E+009;1.468409895896912E-001;-1.234337389469147E-001;-3.647118574008346E-004;-7.672855281271040E-004;
2.425500000000000E+009;1.471578180789948E-001;-1.242441758513451E-001;-5.365780089050531E-004;-8.166076731868088E-004;
2.425666666666667E+009;1.471265554428101E-001;-1.247934177517891E-001;-5.299089825712144E-004;-7.518500788137317E-004;
2.425833333333334E+009;1.476278752088547E-001;-1.254014223814011E-001;-6.969574606046081E-004;-6.871158257126808E-004;
2.426000000000000E+009;1.477971971035004E-001;-1.257379800081253E-001;-7.460271008312702E-004;-8.321510395035148E-004;
2.426166666666667E+009;1.480820775032044E-001;-1.261895447969437E-001;-8.064576541073620E-004;-6.968036759644747E-004;
2.426333333333334E+009;1.478894650936127E-001;-1.265047639608383E-001;-8.171562221832573E-004;-7.343592005781829E-004;
2.426500000000000E+009;1.480342894792557E-001;-1.266454309225082E-001;-9.168992983177304E-004;-5.989619530737400E-004;
2.426666666666667E+009;1.480547189712524E-001;-1.267417520284653E-001;-9.744623093865812E-004;-6.215340108610690E-004;
2.426833333333334E+009;1.478918492794037E-001;-1.267790943384171E-001;-9.606967214494944E-004;-6.511466926895082E-004;
2.427000000000000E+009;1.475411355495453E-001;-1.270788609981537E-001;-1.032189233228564E-003;-6.223870441317558E-004;
2.427166666666667E+009;1.471639126539230E-001;-1.269498169422150E-001;-9.577171877026558E-004;-5.857891519553959E-004;
2.427333333333334E+009;1.467835009098053E-001;-1.268734186887741E-001;-1.128883683122695E-003;-5.279344622977078E-004;
2.427500000000000E+009;1.463334113359451E-001;-1.269256770610809E-001;-1.192327705211937E-003;-5.923445569351316E-004;
2.427666666666667E+009;1.455421000719070E-001;-1.270119845867157E-001;-1.349352183751762E-003;-5.469573661684990E-004;
2.427833333333334E+009;1.447867155075073E-001;-1.269257515668869E-001;-1.286848215386272E-003;-4.419198085088283E-004;
2.428000000000000E+009;1.440850943326950E-001;-1.268450766801834E-001;-1.160492887720466E-003;-4.757785063702613E-004;
2.428166666666667E+009;1.432175338268280E-001;-1.268136501312256E-001;-1.278758514672518E-003;-3.766636073123664E-004;
2.428333333333334E+009;1.423722207546234E-001;-1.268449425697327E-001;-1.182704931125045E-003;-3.920326707884669E-004;
2.428500000000000E+009;1.412594765424728E-001;-1.269038319587708E-001;-1.282767625525594E-003;-3.145346418023109E-004;
2.428666666666667E+009;1.400622725486755E-001;-1.268852651119232E-001;-1.287865336053073E-003;-2.867892035283148E-004;
2.428833333333334E+009;1.385758370161057E-001;-1.269786208868027E-001;-1.473762444220483E-003;-3.343729476910085E-004;
2.429000000000000E+009;1.372807025909424E-001;-1.271401643753052E-001;-1.338518690317869E-003;-3.521483449731022E-004;
2.429166666666667E+009;1.358875334262848E-001;-1.271731704473496E-001;-1.426066504791379E-003;-4.110260051675141E-004;
2.429333333333334E+009;1.345448642969132E-001;-1.275909692049027E-001;-1.427686191163957E-003;-4.164412675891072E-004;
2.429500000000000E+009;1.328542381525040E-001;-1.278163492679596E-001;-1.437818165868521E-003;-1.651806087465957E-004;
2.429666666666667E+009;1.313642710447311E-001;-1.281829178333283E-001;-1.538277603685856E-003;-1.709163043415174E-004;
2.429833333333334E+009;1.295763701200485E-001;-1.283617168664932E-001;-1.470759976655245E-003;-1.695214887149632E-004;
2.430000000000000E+009;1.278532445430756E-001;-1.291184723377228E-001;-1.754231750965118E-003;-1.402278430759907E-004;
2.430166666666667E+009;1.263045370578766E-001;-1.298281401395798E-001;-1.737117301672697E-003;-1.180319231934845E-004;
2.430333333333334E+009;1.247487291693687E-001;-1.302410960197449E-001;-1.726937480270863E-003;-1.614685170352459E-004;
2.430500000000000E+009;1.229497790336609E-001;-1.310594826936722E-001;-1.834986032918096E-003;9.195005986839533E-005;
2.430666666666667E+009;1.210613772273064E-001;-1.317960917949677E-001;-1.718068495392799E-003;-5.469038114824798E-006;
2.430833333333334E+009;1.193939000368118E-001;-1.326450705528259E-001;-1.766415778547525E-003;8.855564374243841E-005;
2.431000000000000E+009;1.178314834833145E-001;-1.335255354642868E-001;-1.877697650343180E-003;2.636722929310054E-004;
2.431166666666667E+009;1.161465048789978E-001;-1.344656795263290E-001;-1.898778835311532E-003;1.341807510470972E-004;
2.431333333333334E+009;1.144234240055084E-001;-1.356824189424515E-001;-1.980196218937635E-003;1.801775506464765E-004;
2.431500000000000E+009;1.129678785800934E-001;-1.366353929042816E-001;-2.079773228615522E-003;3.519498568493873E-004;
2.431666666666667E+009;1.113136261701584E-001;-1.379615813493729E-001;-2.114760922268033E-003;3.861725854221731E-004;
2.431833333333334E+009;1.099313348531723E-001;-1.393549740314484E-001;-2.036208752542734E-003;4.134554765187204E-004;
2.432000000000000E+009;1.085201352834702E-001;-1.404567807912827E-001;-2.101611113175750E-003;5.543185397982597E-004;
2.432166666666667E+009;1.071661636233330E-001;-1.418041288852692E-001;-2.042287494987249E-003;7.433106075040996E-004;
2.432333333333334E+009;1.061835065484047E-001;-1.429886221885681E-001;-2.193046966567636E-003;6.978809251450002E-004;
2.432500000000000E+009;1.048998758196831E-001;-1.445829421281815E-001;-2.131167566403747E-003;8.487831801176071E-004;
2.432666666666667E+009;1.039692908525467E-001;-1.457349807024002E-001;-2.141562988981605E-003;9.541332256048918E-004;
2.432833333333334E+009;1.030147671699524E-001;-1.474320441484451E-001;-2.094193827360869E-003;1.035445369780064E-003;
2.433000000000000E+009;1.022252738475800E-001;-1.485415846109390E-001;-2.138681709766388E-003;1.167304930277169E-003;
2.433166666666667E+009;1.013885363936424E-001;-1.501353681087494E-001;-2.130731707438827E-003;1.277571194805205E-003;
2.433333333333334E+009;1.005827113986015E-001;-1.515376716852188E-001;-2.068909583613277E-003;1.284777070395649E-003;
2.433500000000000E+009;9.997179359197617E-002;-1.529507040977478E-001;-2.108396496623755E-003;1.498142606578767E-003;
2.433666666666667E+009;9.965877979993820E-002;-1.544920653104782E-001;-2.001344226300716E-003;1.679176930338144E-003;
2.433833333333334E+009;9.910565614700317E-002;-1.557641029357910E-001;-2.072504255920649E-003;1.847711740992963E-003;
2.434000000000000E+009;9.877590835094452E-002;-1.570884287357330E-001;-2.054587472230196E-003;1.662925817072392E-003;
2.434166666666667E+009;9.844869375228882E-002;-1.582789123058319E-001;-1.920680864714086E-003;1.846281578764319E-003;
2.434333333333334E+009;9.814331680536270E-002;-1.595528721809387E-001;-1.984708476811647E-003;1.923406729474664E-003;
2.434500000000000E+009;9.794563800096512E-002;-1.606578081846237E-001;-1.907185302115977E-003;1.948943361639977E-003;
2.434666666666667E+009;9.781335294246674E-002;-1.618236452341080E-001;-1.773444237187505E-003;2.016674960032105E-003;
2.434833333333334E+009;9.764482080936432E-002;-1.628786474466324E-001;-1.634631538763642E-003;2.223363844677806E-003;
2.435000000000000E+009;9.761282801628113E-002;-1.636964976787567E-001;-1.563150435686112E-003;2.357784193009138E-003;
2.435166666666667E+009;9.758470952510834E-002;-1.646011322736740E-001;-1.534961163997650E-003;2.380499616265297E-003;
2.435333333333334E+009;9.756042063236237E-002;-1.656103879213333E-001;-1.402914989739656E-003;2.451938344165683E-003;
2.435500000000000E+009;9.757550060749054E-002;-1.662087440490723E-001;-1.400041859596968E-003;2.524456242099404E-003;
2.435666666666667E+009;9.757474064826965E-002;-1.669162362813950E-001;-1.352370250970125E-003;2.555760322138667E-003;
2.435833333333334E+009;9.760798513889313E-002;-1.673377752304077E-001;-1.235085423104465E-003;2.593179000541568E-003;
2.436000000000000E+009;9.741160273551941E-002;-1.679844707250595E-001;-1.244926359504461E-003;2.705500926822424E-003;
2.436166666666667E+009;9.729769080877304E-002;-1.682064831256867E-001;-1.109472825191915E-003;2.629053778946400E-003;
2.436333333333334E+009;9.743921458721161E-002;-1.686463952064514E-001;-9.552348637953401E-004;2.915272722020745E-003;
2.436500000000000E+009;9.725891053676605E-002;-1.689092069864273E-001;-8.866249700076878E-004;3.000309923663735E-003;
2.436666666666667E+009;9.710495173931122E-002;-1.690374463796616E-001;-8.754220907576382E-004;3.053554333746433E-003;
2.436833333333334E+009;9.696216136217117E-002;-1.691937148571014E-001;-5.853793118149042E-004;3.079616231843829E-003;
2.437000000000000E+009;9.674416482448578E-002;-1.692286878824234E-001;-5.343647208064795E-004;3.042623167857528E-003;
2.437166666666667E+009;9.643467515707016E-002;-1.694524884223938E-001;-5.263631464913487E-004;3.025950165465474E-003;
2.437333333333334E+009;9.591545909643173E-002;-1.692316681146622E-001;-2.447857987135649E-004;3.305642632767558E-003;
2.437500000000000E+009;9.562397748231888E-002;-1.690828949213028E-001;-2.731697459239513E-004;3.168543567880988E-003;
2.437666666666667E+009;9.510644525289536E-002;-1.691709756851196E-001;1.355399035674054E-005;3.040414070710540E-003;
2.437833333333334E+009;9.452042728662491E-002;-1.688768267631531E-001;9.873868111753836E-005;3.079724730923772E-003;
2.438000000000000E+009;9.386528283357620E-002;-1.686795502901077E-001;1.166583533631638E-004;3.220745129510760E-003;
2.438166666666667E+009;9.316670149564743E-002;-1.686829477548599E-001;1.928722485899925E-004;3.157624974846840E-003;
2.438333333333334E+009;9.224098920822144E-002;-1.681994646787643E-001;2.809015859384090E-004;3.127633361145854E-003;
2.438500000000000E+009;9.145265072584152E-002;-1.680947989225388E-001;3.704503469634801E-004;3.078848589211702E-003;
2.438666666666667E+009;9.043222665786743E-002;-1.680940091609955E-001;5.461996188387275E-004;3.264926141127944E-003;
2.438833333333334E+009;8.936450630426407E-002;-1.676420569419861E-001;7.150773890316486E-004;3.097969572991133E-003;
2.439000000000000E+009;8.830294013023377E-002;-1.675944775342941E-001;8.029312011785805E-004;3.150092437863350E-003;
2.439166666666667E+009;8.706601709127426E-002;-1.672877371311188E-001;8.256950532086194E-004;3.218383295461536E-003;
2.439333333333334E+009;8.573383837938309E-002;-1.671907305717468E-001;8.359928615391254E-004;3.075662534683943E-003;
2.439500000000000E+009;8.441454172134399E-002;-1.672818809747696E-001;1.031829509884119E-003;3.160449676215649E-003;
2.439666666666667E+009;8.306148648262024E-002;-1.671107858419418E-001;1.025278121232987E-003;3.114034887403250E-003;
2.439833333333334E+009;8.171095699071884E-002;-1.671308875083923E-001;1.250808592885733E-003;3.138478612527251E-003;
2.440000000000000E+009;8.010154962539673E-002;-1.673247218132019E-001;1.239830860868096E-003;3.046113299205899E-003;
2.440166666666667E+009;7.853072881698608E-002;-1.676346212625504E-001;1.259201671928167E-003;3.035677829757333E-003;
2.440333333333334E+009;7.684687525033951E-002;-1.676503270864487E-001;1.391886151395738E-003;3.007699269801378E-003;
2.440500000000000E+009;7.537779211997986E-002;-1.678687930107117E-001;1.622247975319624E-003;3.007910447195172E-003;
2.440666666666667E+009;7.366557419300079E-002;-1.681420654058456E-001;1.662004739046097E-003;2.968867076560855E-003;
2.440833333333334E+009;7.200875878334045E-002;-1.686911731958389E-001;1.771184033714235E-003;3.250229870900512E-003;
2.441000000000000E+009;7.063780725002289E-002;-1.688792705535889E-001;1.845851540565491E-003;2.994452137500048E-003;
2.441166666666667E+009;6.870283931493759E-002;-1.696365624666214E-001;1.983023947104812E-003;3.156431019306183E-003;
2.441333333333334E+009;6.717697530984879E-002;-1.700906008481979E-001;2.114406088367105E-003;3.108616452664137E-003;
2.441500000000000E+009;6.535197794437408E-002;-1.706716120243073E-001;2.211677841842175E-003;3.169832983985543E-003;
2.441666666666667E+009;6.380440294742584E-002;-1.714095622301102E-001;2.234379993751645E-003;3.135509090498090E-003;
2.441833333333334E+009;6.255576014518738E-002;-1.721861958503723E-001;2.516168402507901E-003;3.229136345908046E-003;
2.442000000000000E+009;6.078788265585899E-002;-1.731136143207550E-001;2.609087154269218E-003;3.189533948898315E-003;
2.442166666666667E+009;5.933358147740364E-002;-1.738315075635910E-001;2.731020562350750E-003;3.085032571107149E-003;
2.442333333333334E+009;5.805556103587151E-002;-1.747565120458603E-001;2.728563966229558E-003;3.046441590413451E-003;
2.442500000000000E+009;5.650941282510757E-002;-1.755680292844772E-001;3.067256417125464E-003;2.827214309945703E-003;
2.442666666666667E+009;5.515730381011963E-002;-1.766734421253204E-001;3.237347584217787E-003;3.054129192605615E-003;
2.442833333333334E+009;5.390705168247223E-002;-1.777337044477463E-001;3.428810276091099E-003;2.813714090734720E-003;
2.443000000000000E+009;5.284365266561508E-002;-1.786896884441376E-001;3.552995156496763E-003;2.796056447550654E-003;
2.443166666666667E+009;5.148166418075562E-002;-1.797672659158707E-001;3.864190075546503E-003;2.569977194070816E-003;
2.443333333333334E+009;5.039104446768761E-002;-1.805236488580704E-001;4.046195652335882E-003;2.514061983674765E-003;
2.443500000000000E+009;4.949811100959778E-002;-1.815289407968521E-001;4.170803818851709E-003;2.385629108175635E-003;
2.443666666666667E+009;4.852212965488434E-002;-1.825535744428635E-001;4.423684440553188E-003;2.210254548117518E-003;
2.443833333333334E+009;4.767823591828346E-002;-1.836785376071930E-001;4.477614536881447E-003;1.978410873562098E-003;
2.444000000000000E+009;4.697877913713455E-002;-1.845798492431641E-001;4.648597445338965E-003;1.808991655707359E-003;
2.444166666666667E+009;4.612755030393601E-002;-1.854104101657867E-001;4.697883967310190E-003;1.666128984652460E-003;
2.444333333333334E+009;4.554165154695511E-002;-1.865568310022354E-001;5.005483981221914E-003;1.411074772477150E-003;
2.444500000000000E+009;4.498754069209099E-002;-1.874414235353470E-001;5.009377840906382E-003;1.129316398873925E-003;
2.444666666666667E+009;4.435172677040100E-002;-1.881288737058640E-001;5.045176949352026E-003;1.082750153727830E-003;
2.444833333333334E+009;4.384182766079903E-002;-1.889114081859589E-001;5.238924641162157E-003;7.757396087981761E-004;
2.445000000000000E+009;4.368710517883301E-002;-1.894699782133102E-001;5.221469327807427E-003;5.312533467076719E-004;
2.445166666666667E+009;4.312217980623245E-002;-1.902100294828415E-001;5.344379227608442E-003;2.468414895702153E-004;
2.445333333333334E+009;4.270895570516586E-002;-1.906771063804627E-001;5.223770625889301E-003;7.292621012311429E-005;
2.445500000000000E+009;4.243921115994453E-002;-1.912453323602676E-001;5.298366304486990E-003;-2.437568618915975E-004;
2.445666666666667E+009;4.221702739596367E-002;-1.917035281658173E-001;5.411853548139334E-003;-5.760865751653910E-004;
2.445833333333334E+009;4.170835018157959E-002;-1.922274231910706E-001;5.411978345364332E-003;-8.633210672996938E-004;
2.446000000000000E+009;4.164531826972961E-002;-1.922883093357086E-001;5.195254925638437E-003;-1.293416135013104E-003;
2.446166666666667E+009;4.143723100423813E-002;-1.927644759416580E-001;5.217873025685549E-003;-1.383249065838754E-003;
2.446333333333334E+009;4.096227884292603E-002;-1.927770376205444E-001;5.182657390832901E-003;-1.695467391982675E-003;
2.446500000000000E+009;4.084448888897896E-002;-1.927806586027145E-001;5.058634094893932E-003;-1.844559446908534E-003;
2.446666666666667E+009;4.049132764339447E-002;-1.929266154766083E-001;4.996371921151876E-003;-2.092120703309774E-003;
2.446833333333334E+009;4.039103165268898E-002;-1.927746236324310E-001;4.894645884633064E-003;-2.369813853874803E-003;
2.447000000000000E+009;3.975253179669380E-002;-1.927286535501480E-001;4.737449809908867E-003;-2.524478593841195E-003;
2.447166666666667E+009;3.939018025994301E-002;-1.925721913576126E-001;4.619260784238577E-003;-2.767461584880948E-003;
2.447333333333334E+009;3.910207375884056E-002;-1.923412382602692E-001;4.513368941843510E-003;-3.056831425055862E-003;
2.447500000000000E+009;3.869752585887909E-002;-1.921143978834152E-001;4.112333524972200E-003;-3.108604345470667E-003;
2.447666666666667E+009;3.818798437714577E-002;-1.916521638631821E-001;4.020806867629290E-003;-3.414730541408062E-003;
2.447833333333334E+009;3.740096092224121E-002;-1.915199905633926E-001;3.891002852469683E-003;-3.508246736600995E-003;
2.448000000000000E+009;3.703980892896652E-002;-1.911156028509140E-001;3.592709079384804E-003;-3.547003725543618E-003;
2.448166666666667E+009;3.615655004978180E-002;-1.907134801149368E-001;3.481210907921195E-003;-3.802253864705563E-003;
2.448333333333334E+009;3.551568835973740E-002;-1.902294903993607E-001;3.278787480667234E-003;-3.803482744842768E-003;
2.448500000000000E+009;3.473646938800812E-002;-1.899209022521973E-001;3.077992936596274E-003;-3.838552860543132E-003;
2.448666666666667E+009;3.378503397107124E-002;-1.892553120851517E-001;2.829182660207152E-003;-3.891640342772007E-003;
2.448833333333334E+009;3.290415927767754E-002;-1.889373958110809E-001;2.872606739401817E-003;-4.018008708953857E-003;
2.449000000000000E+009;3.201083093881607E-002;-1.882376670837402E-001;2.686934079974890E-003;-4.083691164851189E-003;
2.449166666666667E+009;3.081090003252029E-002;-1.879633516073227E-001;2.430303255096078E-003;-4.023727495223284E-003;
2.449333333333334E+009;2.962293848395348E-002;-1.874731630086899E-001;2.407441614195705E-003;-4.249537363648415E-003;
2.449500000000000E+009;2.826507389545441E-002;-1.870249360799789E-001;2.131684916093946E-003;-4.072189331054688E-003;
2.449666666666667E+009;2.716213278472424E-002;-1.866311728954315E-001;1.944666146300733E-003;-4.177730996161699E-003;
2.449833333333334E+009;2.572453953325748E-002;-1.863363385200501E-001;2.130019245669246E-003;-4.325002431869507E-003;
2.450000000000000E+009;2.418606355786324E-002;-1.859513074159622E-001;1.811263849958777E-003;-4.269620403647423E-003;
2.450166666666667E+009;2.290130779147148E-002;-1.854718178510666E-001;1.589955063536763E-003;-4.283278249204159E-003;
2.450333333333334E+009;2.148373425006867E-002;-1.853269636631012E-001;1.592381158843637E-003;-4.417809657752514E-003;
2.450500000000000E+009;1.993917115032673E-002;-1.850977689027786E-001;1.418692641891539E-003;-4.263286013156176E-003;
2.450666666666667E+009;1.839153468608856E-002;-1.848238110542297E-001;1.368429278954864E-003;-4.405019804835320E-003;
2.450833333333334E+009;1.656630262732506E-002;-1.846323311328888E-001;1.171145704574883E-003;-4.385319072753191E-003;
2.451000000000000E+009;1.516045909374952E-002;-1.844999343156815E-001;1.165744732134044E-003;-4.475873894989491E-003;
2.451166666666667E+009;1.346165593713522E-002;-1.845041215419769E-001;9.781155968084931E-004;-4.534461069852114E-003;
2.451333333333334E+009;1.197829004377127E-002;-1.843883097171783E-001;8.989182533696294E-004;-4.470875486731529E-003;
2.451500000000000E+009;1.023076847195625E-002;-1.845169365406036E-001;6.670813891105354E-004;-4.635709803551436E-003;
2.451666666666667E+009;8.340425789356232E-003;-1.844825297594070E-001;6.440784200094640E-004;-4.715517628937960E-003;
2.451833333333334E+009;6.944295950233936E-003;-1.844026446342468E-001;4.586178110912442E-004;-4.789795726537705E-003;
2.452000000000000E+009;5.352133885025978E-003;-1.846950203180313E-001;4.250696219969541E-004;-4.605711903423071E-003;
2.452166666666667E+009;3.942834679037333E-003;-1.848760247230530E-001;2.328130904061254E-005;-4.882226698100567E-003;
2.452333333333334E+009;2.252857200801373E-003;-1.852279752492905E-001;5.603165845968761E-006;-4.855794832110405E-003;
2.452500000000000E+009;7.769388612359762E-004;-1.854905933141708E-001;-1.795757270883769E-004;-4.875107202678919E-003;
2.452666666666667E+009;-7.685843738727272E-004;-1.856057941913605E-001;-2.400905796093866E-004;-4.970992449671030E-003;
2.452833333333334E+009;-2.147534396499395E-003;-1.860400140285492E-001;-5.810767179355025E-004;-4.987170454114676E-003;
2.453000000000000E+009;-3.503444371744990E-003;-1.863193660974503E-001;-6.419207202270627E-004;-4.956011660397053E-003;
2.453166666666667E+009;-4.918411839753389E-003;-1.868240535259247E-001;-8.865707204677165E-004;-4.899656865745783E-003;
2.453333333333334E+009;-6.250965874642134E-003;-1.870908886194229E-001;-1.029434264637530E-003;-5.081834271550179E-003;
2.453500000000000E+009;-7.377393078058958E-003;-1.875551640987396E-001;-1.259659184142947E-003;-4.936373326927424E-003;
2.453666666666667E+009;-8.636470884084702E-003;-1.879318803548813E-001;-1.430573756806552E-003;-4.958014003932476E-003;
2.453833333333334E+009;-9.710097685456276E-003;-1.881834864616394E-001;-1.758301747031510E-003;-4.902734421193600E-003;
2.454000000000000E+009;-1.081963256001473E-002;-1.885394454002380E-001;-1.892856438644230E-003;-4.854151979088783E-003;
2.454166666666667E+009;-1.192102953791618E-002;-1.890569925308228E-001;-2.276242943480611E-003;-4.822404123842716E-003;
2.454333333333334E+009;-1.308053452521563E-002;-1.893319040536881E-001;-2.535990905016661E-003;-4.851056728512049E-003;
2.454500000000000E+009;-1.406419370323420E-002;-1.895641386508942E-001;-2.493763109669089E-003;-4.608373157680035E-003;
2.454666666666667E+009;-1.480286568403244E-002;-1.899073719978333E-001;-2.860070206224918E-003;-4.575910978019238E-003;
2.454833333333334E+009;-1.570861786603928E-002;-1.899920701980591E-001;-2.988640451803803E-003;-4.373563453555107E-003;
2.455000000000000E+009;-1.654934696853161E-002;-1.904206424951553E-001;-3.147190436720848E-003;-4.410836845636368E-003;
2.455166666666667E+009;-1.730575226247311E-002;-1.905997991561890E-001;-3.433657344430685E-003;-4.168050829321146E-003;
2.455333333333334E+009;-1.805205643177033E-002;-1.906315386295319E-001;-3.582254517823458E-003;-4.107974935323000E-003;
2.455500000000000E+009;-1.889124326407909E-002;-1.908659785985947E-001;-3.897053422406316E-003;-3.799773287028074E-003;
2.455666666666667E+009;-1.971405185759068E-002;-1.906924396753311E-001;-3.899425733834505E-003;-3.770041977986693E-003;
2.455833333333334E+009;-2.035468257963657E-002;-1.906667053699493E-001;-4.139239434152842E-003;-3.470284398645163E-003;
2.456000000000000E+009;-2.116370201110840E-002;-1.905219703912735E-001;-4.402101505547762E-003;-3.306597936898470E-003;
2.456166666666667E+009;-2.168695628643036E-002;-1.904563158750534E-001;-4.411792848259211E-003;-2.988584572449327E-003;
2.456333333333334E+009;-2.241760678589344E-002;-1.903915554285049E-001;-4.609922878444195E-003;-2.813622821122408E-003;
2.456500000000000E+009;-2.338858135044575E-002;-1.900497078895569E-001;-4.707545042037964E-003;-2.548721618950367E-003;
2.456666666666667E+009;-2.414468675851822E-002;-1.897353827953339E-001;-4.808231256902218E-003;-2.433202462270856E-003;
2.456833333333334E+009;-2.491223625838757E-002;-1.891880184412003E-001;-5.018966738134623E-003;-2.238472225144506E-003;
2.457000000000000E+009;-2.569841966032982E-002;-1.889799386262894E-001;-5.027793347835541E-003;-1.737030339427292E-003;
2.457166666666667E+009;-2.659455873072147E-002;-1.884051859378815E-001;-5.042886827141047E-003;-1.579912961460650E-003;
2.457333333333334E+009;-2.732875011861324E-002;-1.879306286573410E-001;-5.073050968348980E-003;-1.459385734051466E-003;
2.457500000000000E+009;-2.838240377604961E-002;-1.873005777597427E-001;-5.182242952287197E-003;-1.084192655980587E-003;
2.457666666666667E+009;-2.916001342236996E-002;-1.868051141500473E-001;-5.023871548473835E-003;-8.876903448253870E-004;
2.457833333333334E+009;-3.037054464221001E-002;-1.860795170068741E-001;-5.215662531554699E-003;-6.745711434632540E-004;
2.458000000000000E+009;-3.121894598007202E-002;-1.853999048471451E-001;-5.161203444004059E-003;-3.507712390273809E-004;
2.458166666666667E+009;-3.259415552020073E-002;-1.848547160625458E-001;-5.106524564325810E-003;-1.671498030191287E-004;
2.458333333333334E+009;-3.357495740056038E-002;-1.843326985836029E-001;-5.016035865992308E-003;6.044230758561753E-005;
2.458500000000000E+009;-3.460098430514336E-002;-1.833850890398026E-001;-5.058519076555967E-003;1.659179251873866E-004;
2.458666666666667E+009;-3.588772565126419E-002;-1.826915740966797E-001;-4.932901822030544E-003;5.293902358971536E-004;
2.458833333333334E+009;-3.717235475778580E-002;-1.820642352104187E-001;-4.711851011961699E-003;7.681781426072121E-004;
2.459000000000000E+009;-3.856182470917702E-002;-1.812992990016937E-001;-4.708970431238413E-003;9.397558751516044E-004;
2.459166666666667E+009;-3.982731327414513E-002;-1.806329935789108E-001;-4.578151274472475E-003;1.186318346299231E-003;
2.459333333333334E+009;-4.109724238514900E-002;-1.796920001506805E-001;-4.440780729055405E-003;1.378944492898881E-003;
2.459500000000000E+009;-4.245277121663094E-002;-1.791732609272003E-001;-4.419192671775818E-003;1.555593102239072E-003;
2.459666666666667E+009;-4.396868124604225E-002;-1.784659773111343E-001;-4.133561626076698E-003;1.657063956372440E-003;
2.459833333333334E+009;-4.541608691215515E-002;-1.780839413404465E-001;-4.047322552651167E-003;1.837036106735468E-003;
2.460000000000000E+009;-4.682572558522224E-002;-1.773633658885956E-001;-3.832010785117745E-003;1.939927227795124E-003;
2.460166666666667E+009;-4.841580986976624E-002;-1.768225878477097E-001;-3.640962066128850E-003;2.189758466556668E-003;
2.460333333333334E+009;-4.979640990495682E-002;-1.764609068632126E-001;-3.507386427372694E-003;2.274950733408332E-003;
2.460500000000000E+009;-5.138774961233139E-002;-1.761227250099182E-001;-3.338761162012816E-003;2.339350525289774E-003;
2.460666666666667E+009;-5.304172262549400E-002;-1.756292134523392E-001;-3.144145710393786E-003;2.412999980151653E-003;
2.460833333333334E+009;-5.468734726309776E-002;-1.752061694860458E-001;-3.037614515051246E-003;2.395033137872815E-003;
2.461000000000000E+009;-5.611067637801170E-002;-1.748854964971542E-001;-2.941826358437538E-003;2.776620909571648E-003;
2.461166666666667E+009;-5.765966698527336E-002;-1.745780259370804E-001;-2.742350567132235E-003;2.494840649887919E-003;
2.461333333333334E+009;-5.918536335229874E-002;-1.742439717054367E-001;-2.648659748956561E-003;2.583258552476764E-003;
2.461500000000000E+009;-6.062682345509529E-002;-1.739067584276199E-001;-2.414253307506442E-003;2.641357481479645E-003;
2.461666666666667E+009;-6.223701685667038E-002;-1.741490215063095E-001;-2.203025156632066E-003;2.636206801980734E-003;
2.461833333333334E+009;-6.363571435213089E-002;-1.741238385438919E-001;-2.096249954774976E-003;2.577254315838218E-003;
2.462000000000000E+009;-6.485838443040848E-002;-1.738841533660889E-001;-1.887136604636908E-003;2.562803449109197E-003;
2.462166666666667E+009;-6.628812849521637E-002;-1.739288717508316E-001;-1.872214721515775E-003;2.526021096855402E-003;
2.462333333333334E+009;-6.760048121213913E-002;-1.739554554224014E-001;-1.809388166293502E-003;2.289897063747048E-003;
2.462500000000000E+009;-6.898164004087448E-002;-1.738723963499069E-001;-1.705462229438126E-003;2.609349554404616E-003;
2.462666666666667E+009;-6.992227584123612E-002;-1.739359200000763E-001;-1.485228654928505E-003;2.551412675529718E-003;
2.462833333333334E+009;-7.107350975275040E-002;-1.738994270563126E-001;-1.374068204313517E-003;2.524160547181964E-003;
2.463000000000000E+009;-7.205428928136826E-002;-1.738868057727814E-001;-1.340697519481182E-003;2.523523522540927E-003;
2.463166666666667E+009;-7.320994138717651E-002;-1.739580333232880E-001;-1.327103585936129E-003;2.605973510071635E-003;
2.463333333333334E+009;-7.396668940782547E-002;-1.741406917572022E-001;-1.165672671049833E-003;2.526471391320229E-003;
2.463500000000000E+009;-7.488270848989487E-002;-1.742022335529327E-001;-1.026008278131485E-003;2.525475341826677E-003;
2.463666666666667E+009;-7.566092163324356E-002;-1.743515133857727E-001;-9.925477206707001E-004;2.458752132952213E-003;
2.463833333333334E+009;-7.642870396375656E-002;-1.742222011089325E-001;-8.899450767785311E-004;2.355685224756599E-003;
2.464000000000000E+009;-7.706771790981293E-002;-1.740951389074326E-001;-7.398250745609403E-004;2.319885417819023E-003;
2.464166666666667E+009;-7.747846841812134E-002;-1.742468625307083E-001;-7.572968606837094E-004;2.371700014919043E-003;
2.464333333333334E+009;-7.794957607984543E-002;-1.739135533571243E-001;-7.151318714022636E-004;2.294350182637572E-003;
2.464500000000000E+009;-7.844525575637817E-002;-1.738780885934830E-001;-6.218906491994858E-004;2.292305463925004E-003;
2.464666666666667E+009;-7.896493375301361E-002;-1.736668795347214E-001;-5.066752200946212E-004;2.129788510501385E-003;
2.464833333333334E+009;-7.917112112045288E-002;-1.735806763172150E-001;-4.704814055003226E-004;2.316947560757399E-003;
2.465000000000000E+009;-7.933350652456284E-002;-1.732755005359650E-001;-4.222918360028416E-004;2.164248842746019E-003;
2.465166666666667E+009;-7.985971122980118E-002;-1.729326248168945E-001;-3.230032452847809E-004;2.154458779841662E-003;
2.465333333333334E+009;-8.008711040019989E-002;-1.724616140127182E-001;-1.812948175938800E-004;1.981701469048858E-003;
2.465500000000000E+009;-8.008467406034470E-002;-1.721685677766800E-001;-3.129364922642708E-004;2.011786680668593E-003;
2.465666666666667E+009;-8.054493367671967E-002;-1.714934259653091E-001;-1.503846287960187E-004;1.911960542201996E-003;
2.465833333333334E+009;-8.073367923498154E-002;-1.709886193275452E-001;-9.202564251609147E-005;1.975847175344825E-003;
2.466000000000000E+009;-8.085599541664124E-002;-1.702701151371002E-001;-2.514044172130525E-004;2.075124066323042E-003;
2.466166666666667E+009;-8.096674829721451E-002;-1.695206165313721E-001;-2.677710290299729E-005;1.888326369225979E-003;
2.466333333333334E+009;-8.131889253854752E-002;-1.688433587551117E-001;-6.767822924302891E-005;1.903172349557281E-003;
2.466500000000000E+009;-8.159033209085465E-002;-1.679555326700211E-001;-7.251810075104004E-006;1.820803736336529E-003;
2.466666666666667E+009;-8.174101263284683E-002;-1.670944243669510E-001;-6.670751463389024E-005;1.823442522436380E-003;
2.466833333333334E+009;-8.201395720243454E-002;-1.659332662820816E-001;-4.502889350987971E-005;1.833564834669232E-003;
2.467000000000000E+009;-8.250224590301514E-002;-1.648361980915070E-001;-9.780065738596022E-005;1.862845849245787E-003;
2.467166666666667E+009;-8.269856125116348E-002;-1.637348681688309E-001;8.353262091986835E-005;1.808778732083738E-003;
2.467333333333334E+009;-8.341918885707855E-002;-1.625490784645081E-001;-5.161876470083371E-005;1.699347398243845E-003;
2.467500000000000E+009;-8.350297808647156E-002;-1.612894237041473E-001;1.009753759717569E-004;1.595207606442273E-003;
2.467666666666667E+009;-8.410910516977310E-002;-1.598396003246307E-001;1.482023799326271E-004;1.616886002011597E-003;
2.467833333333334E+009;-8.457834273576737E-002;-1.586198657751083E-001;1.436746970284730E-004;1.640240196138620E-003;
2.468000000000000E+009;-8.525291085243225E-002;-1.574828028678894E-001;1.889854902401567E-004;1.602448988705874E-003;
2.468166666666667E+009;-8.605850487947464E-002;-1.560104787349701E-001;1.514210598543286E-004;1.577910268679261E-003;
2.468333333333334E+009;-8.685708791017532E-002;-1.547120660543442E-001;1.672627258813009E-004;1.573304645717144E-003;
2.468500000000000E+009;-8.765546977519989E-002;-1.531520336866379E-001;2.098636177834123E-004;1.526363659650087E-003;
2.468666666666667E+009;-8.866023272275925E-002;-1.517209261655808E-001;1.401019399054349E-004;1.487341709434986E-003;
2.468833333333334E+009;-8.973128348588944E-002;-1.501373201608658E-001;2.125742466887459E-004;1.679282402619720E-003;
2.469000000000000E+009;-9.087422490119934E-002;-1.489001959562302E-001;2.749175473582000E-004;1.505894819274545E-003;
2.469166666666667E+009;-9.192299842834473E-002;-1.475858539342880E-001;1.292696688324213E-004;1.360135269351304E-003;
2.469333333333334E+009;-9.327445179224014E-002;-1.461768001317978E-001;1.855909795267507E-004;1.634623040445149E-003;
2.469500000000000E+009;-9.456643462181091E-002;-1.446988135576248E-001;2.491674094926566E-004;1.478902180679143E-003;
2.469666666666667E+009;-9.593886137008667E-002;-1.434701532125473E-001;3.177925827912986E-004;1.280157361179590E-003;
2.469833333333334E+009;-9.741704165935516E-002;-1.422043591737747E-001;4.830060643143952E-004;1.430825912393630E-003;
2.470000000000000E+009;-9.896529465913773E-002;-1.409711986780167E-001;3.124723734799773E-004;1.238958910107613E-003;
2.470166666666667E+009;-1.005228906869888E-001;-1.397693306207657E-001;3.493636613711715E-004;1.256793038919568E-003;
2.470333333333334E+009;-1.021162942051888E-001;-1.385356783866882E-001;3.713949699886143E-004;1.296577975153923E-003;
2.470500000000000E+009;-1.037344858050346E-001;-1.374933123588562E-001;5.188759532757103E-004;1.329748425632715E-003;
2.470666666666667E+009;-1.054615601897240E-001;-1.365961879491806E-001;4.892239230684936E-004;1.240581623278558E-003;
2.470833333333334E+009;-1.071169078350067E-001;-1.356090754270554E-001;4.413159331306815E-004;1.182172214612365E-003;
2.471000000000000E+009;-1.087846457958221E-001;-1.347675025463104E-001;4.136599309276789E-004;1.151628210209310E-003;
2.471166666666667E+009;-1.104836463928223E-001;-1.338159292936325E-001;4.637282982002944E-004;1.116555882617831E-003;
2.471333333333334E+009;-1.121984198689461E-001;-1.333122402429581E-001;4.343414329923689E-004;1.108416821807623E-003;
2.471500000000000E+009;-1.140735745429993E-001;-1.326576024293900E-001;4.850950208492577E-004;1.139577361755073E-003;
2.471666666666667E+009;-1.154981777071953E-001;-1.320941895246506E-001;4.564678238239139E-004;1.089674420654774E-003;
2.471833333333334E+009;-1.172338575124741E-001;-1.315657347440720E-001;5.194732220843434E-004;9.837237885221839E-004;
2.472000000000000E+009;-1.186459660530090E-001;-1.310659497976303E-001;4.504325916059315E-004;1.077998545952141E-003;
2.472166666666667E+009;-1.200787201523781E-001;-1.308336406946182E-001;4.776118730660528E-004;1.075959531590343E-003;
2.472333333333334E+009;-1.215641200542450E-001;-1.306424140930176E-001;3.004966420121491E-004;1.061530667357147E-003;
2.472500000000000E+009;-1.228631138801575E-001;-1.302032917737961E-001;3.057997673749924E-004;1.175931422039866E-003;
2.472666666666667E+009;-1.240762099623680E-001;-1.303196102380753E-001;3.479752922430635E-004;1.021458534523845E-003;
2.472833333333334E+009;-1.254861205816269E-001;-1.302813440561295E-001;3.952979750465602E-004;1.245501567609608E-003;
2.473000000000000E+009;-1.262882053852081E-001;-1.303521394729614E-001;3.554028808139265E-004;1.033720443956554E-003;
2.473166666666667E+009;-1.277446001768112E-001;-1.303357034921646E-001;3.965998475905508E-004;1.054563676007092E-003;
2.473333333333334E+009;-1.285819113254547E-001;-1.301988661289215E-001;3.105280338786542E-004;1.023448887281120E-003;
2.473500000000000E+009;-1.295809894800186E-001;-1.303700357675552E-001;2.458555391058326E-004;1.158927800133824E-003;
2.473666666666667E+009;-1.303381323814392E-001;-1.304301470518112E-001;2.017736114794388E-004;1.151033560745418E-003;
2.473833333333334E+009;-1.310941725969315E-001;-1.305441409349442E-001;3.331556217744947E-004;1.058370224200189E-003;
2.474000000000000E+009;-1.317099332809448E-001;-1.306077390909195E-001;2.307703689439222E-004;1.034487504512072E-003;
2.474166666666667E+009;-1.320788264274597E-001;-1.306325942277908E-001;1.955154439201579E-004;1.278047799132764E-003;
2.474333333333334E+009;-1.327076852321625E-001;-1.306779682636261E-001;2.814621839206666E-004;1.319213071838021E-003;
2.474500000000000E+009;-1.332408934831619E-001;-1.307493001222611E-001;1.288753264816478E-004;1.254576491191983E-003;
2.474666666666667E+009;-1.333364993333817E-001;-1.307056695222855E-001;2.630481030791998E-004;1.390425488352776E-003;
2.474833333333334E+009;-1.336356997489929E-001;-1.307591795921326E-001;1.679037522990257E-004;1.419562613591552E-003;
2.475000000000000E+009;-1.338212341070175E-001;-1.304108351469040E-001;2.507275785319507E-004;1.407040166668594E-003;
2.475166666666667E+009;-1.339563727378845E-001;-1.302246302366257E-001;1.525661500636488E-004;1.544494880363345E-003;
2.475333333333334E+009;-1.337491273880005E-001;-1.300725936889648E-001;2.698005118872970E-004;1.688329270109534E-003;
2.475500000000000E+009;-1.338529139757156E-001;-1.296618282794952E-001;4.123820108361542E-004;1.573303830809891E-003;
2.475666666666667E+009;-1.336739212274551E-001;-1.293792724609375E-001;4.272616934031248E-004;1.660453272052109E-003;
2.475833333333334E+009;-1.334772855043411E-001;-1.288068145513535E-001;3.213759628124535E-004;1.807276508770883E-003;
2.476000000000000E+009;-1.331359893083572E-001;-1.281440407037735E-001;4.341139865573496E-004;1.723967492580414E-003;
2.476166666666667E+009;-1.330618113279343E-001;-1.275396496057510E-001;4.599508829414845E-004;1.953243277966976E-003;
2.476333333333334E+009;-1.327769458293915E-001;-1.266936510801315E-001;5.518560064956546E-004;1.988969277590513E-003;
2.476500000000000E+009;-1.325593888759613E-001;-1.258311122655869E-001;6.551656988449395E-004;2.044025575742126E-003;
2.476666666666667E+009;-1.322174221277237E-001;-1.249329224228859E-001;7.137273787520826E-004;2.039595274254680E-003;
2.476833333333334E+009;-1.318824887275696E-001;-1.238966286182404E-001;8.181141456589103E-004;2.058414276689291E-003;
2.477000000000000E+009;-1.316289603710175E-001;-1.226531043648720E-001;1.009151572361589E-003;2.083228901028633E-003;
2.477166666666667E+009;-1.312581300735474E-001;-1.216022223234177E-001;9.184735827147961E-004;2.243341179564595E-003;
2.477333333333334E+009;-1.310178041458130E-001;-1.202908232808113E-001;1.317244488745928E-003;2.221092348918319E-003;
2.477500000000000E+009;-1.308999955654144E-001;-1.189058795571327E-001;1.390687306411564E-003;2.090435242280364E-003;
2.477666666666667E+009;-1.306933015584946E-001;-1.174678429961205E-001;1.441206200979650E-003;2.222662791609764E-003;
2.477833333333334E+009;-1.306050419807434E-001;-1.159459874033928E-001;1.632627448998392E-003;2.225411124527454E-003;
2.478000000000000E+009;-1.304469108581543E-001;-1.145923286676407E-001;1.779324025847018E-003;2.207514829933643E-003;
2.478166666666667E+009;-1.305082142353058E-001;-1.128152310848236E-001;1.768485875800252E-003;2.083929022774100E-003;
2.478333333333334E+009;-1.304730474948883E-001;-1.110757142305374E-001;1.887638354673982E-003;2.039208775386214E-003;
2.478500000000000E+009;-1.306989938020706E-001;-1.093391552567482E-001;2.110875444486737E-003;2.090974012389779E-003;
2.478666666666667E+009;-1.307791322469711E-001;-1.075418964028359E-001;2.058758633211255E-003;1.975850667804480E-003;
2.478833333333334E+009;-1.313604265451431E-001;-1.056929528713226E-001;2.335511380806565E-003;1.914346008561552E-003;
2.479000000000000E+009;-1.315964758396149E-001;-1.038998365402222E-001;2.464501885697246E-003;1.850778819061816E-003;
2.479166666666667E+009;-1.321159750223160E-001;-1.020479127764702E-001;2.608567476272583E-003;1.967252697795630E-003;
2.479333333333334E+009;-1.326704621315002E-001;-9.998251497745514E-002;2.624731510877609E-003;1.939270645380020E-003;
2.479500000000000E+009;-1.334162056446075E-001;-9.819337725639343E-002;2.478971378877759E-003;1.706944196484983E-003;
2.479666666666667E+009;-1.342493891716003E-001;-9.627674520015717E-002;2.781882183626294E-003;1.563372905366123E-003;
2.479833333333334E+009;-1.348568052053452E-001;-9.421297162771225E-002;2.690492430701852E-003;1.690337085165083E-003;
2.480000000000000E+009;-1.357806324958801E-001;-9.259430319070816E-002;2.961285877972841E-003;1.559749594889581E-003;
2.480166666666667E+009;-1.367412060499191E-001;-9.082817286252976E-002;2.961101708933711E-003;1.479864818975329E-003;
2.480333333333334E+009;-1.379764825105667E-001;-8.897671848535538E-002;3.011601045727730E-003;1.518886652775109E-003;
2.480500000000000E+009;-1.390037089586258E-001;-8.721788227558136E-002;3.097816137596965E-003;1.228467444889247E-003;
2.480666666666667E+009;-1.401906162500382E-001;-8.548437803983688E-002;3.317407798022032E-003;1.247863750904799E-003;
2.480833333333334E+009;-1.415123194456101E-001;-8.396028727293015E-002;3.311619628220797E-003;1.144612557254732E-003;
2.481000000000000E+009;-1.426933705806732E-001;-8.216375112533569E-002;3.404011717066169E-003;1.142220804467797E-003;
2.481166666666667E+009;-1.442826539278030E-001;-8.084023743867874E-002;3.497977275401354E-003;9.082464384846389E-004;
2.481333333333334E+009;-1.455699801445007E-001;-7.952664792537689E-002;3.618883900344372E-003;8.589887293055654E-004;
2.481500000000000E+009;-1.470903754234314E-001;-7.822547107934952E-002;3.553346265107393E-003;8.712611743248999E-004;
2.481666666666667E+009;-1.485931575298309E-001;-7.686370611190796E-002;3.748338669538498E-003;5.616905982606113E-004;
2.481833333333334E+009;-1.502324938774109E-001;-7.568376511335373E-002;3.777386387810111E-003;5.619699368253350E-004;
2.482000000000000E+009;-1.516824662685394E-001;-7.447530329227448E-002;3.906099591404200E-003;3.201176587026566E-004;
2.482166666666667E+009;-1.531431674957275E-001;-7.350623607635498E-002;3.917508292943239E-003;3.716856881510466E-004;
2.482333333333334E+009;-1.545395851135254E-001;-7.251876592636108E-002;3.943027928471565E-003;2.784183598123491E-004;
2.482500000000000E+009;-1.561605781316757E-001;-7.162398099899292E-002;4.149104002863169E-003;6.615695019718260E-005;
2.482666666666667E+009;-1.573867499828339E-001;-7.087925821542740E-002;4.148235078901053E-003;-1.859664334915578E-004;
2.482833333333334E+009;-1.588051766157150E-001;-7.024779170751572E-002;4.272510297596455E-003;-3.873090608976781E-004;
2.483000000000000E+009;-1.601402014493942E-001;-6.943079829216003E-002;4.233792889863253E-003;-3.740455722436309E-004;
2.483166666666667E+009;-1.613770574331284E-001;-6.879385560750961E-002;4.505578894168139E-003;-6.007619667798281E-004;
2.483333333333334E+009;-1.626123338937759E-001;-6.824184209108353E-002;4.387170076370239E-003;-9.171027923002839E-004;
2.483500000000000E+009;-1.638011634349823E-001;-6.803001463413239E-002;4.405518062412739E-003;-1.074541825801134E-003;
2.483666666666667E+009;-1.647809743881226E-001;-6.729386746883392E-002;4.549813456833363E-003;-1.243416569195688E-003;
2.483833333333334E+009;-1.657844632863998E-001;-6.699353456497192E-002;4.399501718580723E-003;-1.414906699210405E-003;
2.484000000000000E+009;-1.666746884584427E-001;-6.649985164403915E-002;4.383667372167110E-003;-1.642104936763644E-003;
2.484166666666667E+009;-1.674921214580536E-001;-6.605097651481628E-002;4.602442495524883E-003;-1.838169759139419E-003;
2.484333333333334E+009;-1.681327670812607E-001;-6.586388498544693E-002;4.450123291462660E-003;-1.993250567466021E-003;
2.484500000000000E+009;-1.686805188655853E-001;-6.547560542821884E-002;4.461591597646475E-003;-2.136437455192208E-003;
2.484666666666667E+009;-1.692743301391602E-001;-6.517805904150009E-002;4.365080501884222E-003;-2.524005714803934E-003;
2.484833333333334E+009;-1.697412431240082E-001;-6.463325023651123E-002;4.186213947832584E-003;-2.650159411132336E-003;
2.485000000000000E+009;-1.700212657451630E-001;-6.439922749996185E-002;4.070858936756849E-003;-2.868188079446554E-003;
2.485166666666667E+009;-1.702215224504471E-001;-6.390149146318436E-002;4.032582510262728E-003;-3.195736324414611E-003;
2.485333333333334E+009;-1.705087423324585E-001;-6.353448331356049E-002;4.071484785526991E-003;-3.306230064481497E-003;
2.485500000000000E+009;-1.705368608236313E-001;-6.278233975172043E-002;3.752837423235178E-003;-3.706685965880752E-003;
2.485666666666667E+009;-1.703756451606751E-001;-6.240132078528404E-002;3.828182350844145E-003;-3.789979033172131E-003;
2.485833333333334E+009;-1.705470532178879E-001;-6.176777929067612E-002;3.596707247197628E-003;-4.077944904565811E-003;
2.486000000000000E+009;-1.703021824359894E-001;-6.111979484558106E-002;3.372248262166977E-003;-4.233814775943756E-003;
2.486166666666667E+009;-1.701197624206543E-001;-6.024367734789848E-002;3.213149961084127E-003;-4.465281497687101E-003;
2.486333333333334E+009;-1.698291450738907E-001;-5.959936976432800E-002;2.957908669486642E-003;-4.613101948052645E-003;
2.486500000000000E+009;-1.695639491081238E-001;-5.861505120992661E-002;2.673943061381578E-003;-4.687592387199402E-003;
2.486666666666667E+009;-1.692959070205689E-001;-5.773951485753059E-002;2.501831389963627E-003;-5.036656279116869E-003;
2.486833333333334E+009;-1.689002960920334E-001;-5.655568838119507E-002;2.221123315393925E-003;-4.941301420331001E-003;
2.487000000000000E+009;-1.686369478702545E-001;-5.566636845469475E-002;1.945395953953266E-003;-5.061797797679901E-003;
2.487166666666667E+009;-1.681909710168839E-001;-5.431392788887024E-002;1.825710409320891E-003;-5.235285032540560E-003;
2.487333333333334E+009;-1.678463965654373E-001;-5.297596752643585E-002;1.358186360448599E-003;-5.371454171836376E-003;
2.487500000000000E+009;-1.672797352075577E-001;-5.138041824102402E-002;1.226981170475483E-003;-5.254359450191259E-003;
2.487666666666667E+009;-1.670514047145844E-001;-4.997449368238449E-002;1.038083457387984E-003;-5.347883794456720E-003;
2.487833333333334E+009;-1.666292548179627E-001;-4.835108667612076E-002;6.672227755188942E-004;-5.370311439037323E-003;
2.488000000000000E+009;-1.662125885486603E-001;-4.665212333202362E-002;3.506608481984586E-004;-5.362842231988907E-003;
2.488166666666667E+009;-1.659154742956162E-001;-4.476756229996681E-002;5.887102452106774E-005;-5.348251666873694E-003;
2.488333333333334E+009;-1.657627075910568E-001;-4.291178658604622E-002;-1.016270834952593E-004;-5.327984690666199E-003;
2.488500000000000E+009;-1.655258834362030E-001;-4.108823835849762E-002;-2.581402077339590E-004;-5.161195993423462E-003;
2.488666666666667E+009;-1.652268171310425E-001;-3.909771144390106E-002;-5.714055732823908E-004;-5.082953721284866E-003;
2.488833333333334E+009;-1.650520563125610E-001;-3.722865134477615E-002;-8.709080866537988E-004;-4.966539796441793E-003;
2.489000000000000E+009;-1.647419780492783E-001;-3.513386100530624E-002;-1.077666180208325E-003;-4.919233731925488E-003;
2.489166666666667E+009;-1.647725254297257E-001;-3.301401808857918E-002;-1.113567384891212E-003;-4.912274889647961E-003;
2.489333333333334E+009;-1.648588776588440E-001;-3.078341670334339E-002;-1.452446565963328E-003;-4.778031259775162E-003;
2.489500000000000E+009;-1.649206280708313E-001;-2.872660197317600E-002;-1.627932302653790E-003;-4.652454517781735E-003;
2.489666666666667E+009;-1.649891436100006E-001;-2.663295902311802E-002;-1.758104655891657E-003;-4.555745515972376E-003;
2.489833333333334E+009;-1.654697656631470E-001;-2.425245568156242E-002;-1.950966543518007E-003;-4.248101729899645E-003;
2.490000000000000E+009;-1.658464968204498E-001;-2.221780084073544E-002;-2.133727306500077E-003;-4.247778560966253E-003;
2.490166666666667E+009;-1.660582423210144E-001;-1.990158483386040E-002;-2.290535718202591E-003;-4.091569222509861E-003;
2.490333333333334E+009;-1.664172708988190E-001;-1.793350279331207E-002;-2.499641617760062E-003;-3.894028719514608E-003;
2.490500000000000E+009;-1.668575257062912E-001;-1.574678905308247E-002;-2.524733776226640E-003;-3.845324739813805E-003;
2.490666666666667E+009;-1.674136072397232E-001;-1.346401497721672E-002;-2.587031573057175E-003;-3.659198060631752E-003;
2.490833333333334E+009;-1.680955290794373E-001;-1.161689311265945E-002;-2.620298415422440E-003;-3.584797028452158E-003;
2.491000000000000E+009;-1.687560826539993E-001;-9.525950998067856E-003;-2.750394400209189E-003;-3.290784545242786E-003;
2.491166666666667E+009;-1.692324876785278E-001;-7.601990830153227E-003;-2.529245335608721E-003;-3.275650786235929E-003;
2.491333333333334E+009;-1.701747477054596E-001;-5.587566643953323E-003;-2.819528803229332E-003;-3.168942872434855E-003;
2.491500000000000E+009;-1.709207296371460E-001;-3.875105176120997E-003;-2.884483197703958E-003;-2.812340855598450E-003;
2.491666666666667E+009;-1.716535389423370E-001;-2.087981207296252E-003;-2.849058248102665E-003;-2.925698179751635E-003;
2.491833333333334E+009;-1.723926365375519E-001;-2.845780982170254E-004;-2.991320565342903E-003;-2.786173019558191E-003;
2.492000000000000E+009;-1.730717867612839E-001;1.180040184408426E-003;-2.872062614187598E-003;-2.737228525802493E-003;
2.492166666666667E+009;-1.740539669990540E-001;2.784211421385407E-003;-3.000351134687662E-003;-2.509771846234798E-003;
2.492333333333334E+009;-1.750305294990540E-001;4.288542550057173E-003;-3.022289369255304E-003;-2.295847982168198E-003;
2.492500000000000E+009;-1.754968911409378E-001;5.621619988232851E-003;-2.938732272014022E-003;-2.418224932625890E-003;
2.492666666666667E+009;-1.763573735952377E-001;7.024358958005905E-003;-3.050207858905196E-003;-2.265153219923377E-003;
2.492833333333334E+009;-1.769420206546783E-001;8.212549611926079E-003;-3.210478927940130E-003;-2.173248911276460E-003;
2.493000000000000E+009;-1.777504235506058E-001;9.473866783082485E-003;-3.037394257262349E-003;-2.079747850075364E-003;
2.493166666666667E+009;-1.784832477569580E-001;1.036394666880369E-002;-3.038196125999093E-003;-2.005647402256727E-003;
2.493333333333334E+009;-1.791088581085205E-001;1.112503372132778E-002;-2.973010996356607E-003;-1.920852926559746E-003;
2.493500000000000E+009;-1.794507205486298E-001;1.235521398484707E-002;-2.950951922684908E-003;-1.978064188733697E-003;
2.493666666666667E+009;-1.800293475389481E-001;1.323238667100668E-002;-3.179821185767651E-003;-2.007840201258659E-003;
2.493833333333334E+009;-1.803789734840393E-001;1.406029984354973E-002;-3.201037412509322E-003;-1.920001464895904E-003;
2.494000000000000E+009;-1.805687844753265E-001;1.487398520112038E-002;-3.250710899010301E-003;-1.579313422553241E-003;
2.494166666666667E+009;-1.807371079921722E-001;1.560752000659704E-002;-3.212208626791835E-003;-1.900699455291033E-003;
2.494333333333334E+009;-1.809146851301193E-001;1.600675843656063E-002;-3.303063567727804E-003;-1.719003892503679E-003;
2.494500000000000E+009;-1.810161918401718E-001;1.699320785701275E-002;-3.351817373186350E-003;-1.628887490369380E-003;
2.494666666666667E+009;-1.807858049869537E-001;1.773593761026859E-002;-3.428645431995392E-003;-1.575576839968562E-003;
2.494833333333334E+009;-1.807279288768768E-001;1.820134930312634E-002;-3.558664117008448E-003;-1.627178862690926E-003;
2.495000000000000E+009;-1.804537773132324E-001;1.885104924440384E-002;-3.569022519513965E-003;-1.561228418722749E-003;
2.495166666666667E+009;-1.799899041652679E-001;1.955538801848888E-002;-3.630168735980988E-003;-1.443196786567569E-003;
2.495333333333334E+009;-1.796928048133850E-001;2.038003690540791E-002;-3.770706942304969E-003;-1.215086784213781E-003;
2.495500000000000E+009;-1.790689826011658E-001;2.111636474728584E-002;-3.971497528254986E-003;-1.275772810913622E-003;
2.495666666666667E+009;-1.785623580217362E-001;2.187401987612248E-002;-3.861507633700967E-003;-1.142314984463155E-003;
2.495833333333334E+009;-1.777761876583099E-001;2.241769433021545E-002;-4.002022556960583E-003;-1.275317394174635E-003;
2.496000000000000E+009;-1.768786460161209E-001;2.346221916377544E-002;-4.234192892909050E-003;-9.112232364714146E-004;
2.496166666666667E+009;-1.762295365333557E-001;2.430094964802265E-002;-4.139245022088289E-003;-7.201976259239018E-004;
2.496333333333334E+009;-1.753565669059753E-001;2.507639490067959E-002;-4.185116384178400E-003;-6.350709008984268E-004;
2.496500000000000E+009;-1.742372959852219E-001;2.618469856679440E-002;-4.351104609668255E-003;-4.485141835175455E-004;
2.496666666666667E+009;-1.733319163322449E-001;2.719863876700401E-002;-4.322180990129709E-003;-1.996762584894896E-004;
2.496833333333334E+009;-1.720189303159714E-001;2.848914265632629E-002;-4.392933566123247E-003;-2.030044270213693E-004;
2.497000000000000E+009;-1.709801554679871E-001;2.967010810971260E-002;-4.605016671121121E-003;9.659010538598523E-005;
2.497166666666667E+009;-1.699306219816208E-001;3.091725520789623E-002;-4.550726618617773E-003;1.529581641079858E-004;
2.497333333333334E+009;-1.686816662549973E-001;3.233104944229126E-002;-4.599905107170343E-003;3.919766750186682E-004;
2.497500000000000E+009;-1.675980240106583E-001;3.372525423765183E-002;-4.412145353853703E-003;7.596111390739679E-004;
2.497666666666667E+009;-1.662182509899139E-001;3.526331484317780E-002;-4.714481998234987E-003;7.354177068918943E-004;
2.497833333333334E+009;-1.651925295591354E-001;3.716915845870972E-002;-4.420830868184567E-003;8.858132059685886E-004;
2.498000000000000E+009;-1.639471948146820E-001;3.889971226453781E-002;-4.572302568703890E-003;1.174248056486249E-003;
2.498166666666667E+009;-1.625641882419586E-001;4.057313129305840E-002;-4.389089066535235E-003;1.400523120537400E-003;
2.498333333333334E+009;-1.615245044231415E-001;4.243882372975349E-002;-4.399525001645088E-003;1.596342772245407E-003;
2.498500000000000E+009;-1.605373471975327E-001;4.458411782979965E-002;-4.419101867824793E-003;1.648409757763147E-003;
2.498666666666667E+009;-1.592331975698471E-001;4.644758626818657E-002;-4.232751671224833E-003;1.966948853805661E-003;
2.498833333333334E+009;-1.582449227571487E-001;4.852106794714928E-002;-4.150092136114836E-003;2.183699514716864E-003;
2.499000000000000E+009;-1.572163552045822E-001;5.060298740863800E-002;-4.038300365209580E-003;2.428947715088725E-003;
2.499166666666667E+009;-1.562478393316269E-001;5.299894511699677E-002;-3.964210394769907E-003;2.385854488238692E-003;
2.499333333333334E+009;-1.553163677453995E-001;5.528250709176064E-002;-3.919526934623718E-003;2.604054287075996E-003;
2.499500000000000E+009;-1.547114402055740E-001;5.759050324559212E-002;-3.761874977499247E-003;2.919545397162437E-003;
2.499666666666667E+009;-1.537914872169495E-001;5.996217578649521E-002;-3.658187575638294E-003;2.917806850746274E-003;
2.499833333333334E+009;-1.532814800739288E-001;6.239170208573341E-002;-3.743154229596257E-003;3.199715167284012E-003;
2.500000000000000E+009;-1.526110768318176E-001;6.474758684635162E-002;-3.281836397945881E-003;3.333055647090077E-003;
