# Version 1.00
#
freq[Hz];re:Trc1_S11;im:Trc1_S11;re:Trc2_S21;im:Trc2_S21;
2.400000000000000E+009;1.682418286800385E-001;4.681157693266869E-002;-2.441166667267680E-003;-3.172827651724219E-003;
2.400166666666667E+009;1.691499203443527E-001;4.554021731019020E-002;-2.584538655355573E-003;-3.284152364358306E-003;
2.400333333333334E+009;1.701604425907135E-001;4.469372332096100E-002;-2.653483767062426E-003;-3.145120805129409E-003;
2.400500000000000E+009;1.710179150104523E-001;4.352112859487534E-002;-2.737849717959762E-003;-3.116988111287355E-003;
2.400666666666667E+009;1.718523055315018E-001;4.241728782653809E-002;-2.906954847276211E-003;-3.002435434609652E-003;
2.400833333333334E+009;1.725994199514389E-001;4.170541465282440E-002;-3.203029511496425E-003;-2.891390351578593E-003;
2.401000000000000E+009;1.732970774173737E-001;4.053229093551636E-002;-3.257652977481484E-003;-2.817034022882581E-003;
2.401166666666667E+009;1.739721596240997E-001;3.982731699943543E-002;-3.551097819581628E-003;-2.891279058530927E-003;
2.401333333333334E+009;1.748568862676621E-001;3.915072605013847E-002;-3.719775937497616E-003;-2.600193256512284E-003;
2.401500000000000E+009;1.756329834461212E-001;3.834978118538857E-002;-3.693604376167059E-003;-2.472147112712264E-003;
2.401666666666667E+009;1.761269718408585E-001;3.788308054208756E-002;-3.947498276829720E-003;-2.526008058339357E-003;
2.401833333333334E+009;1.766998320817947E-001;3.701124712824822E-002;-4.113174509257078E-003;-2.382641658186913E-003;
2.402000000000000E+009;1.769758611917496E-001;3.638403117656708E-002;-4.355200100690126E-003;-2.073843032121658E-003;
2.402166666666667E+009;1.775076836347580E-001;3.582074493169785E-002;-4.393117502331734E-003;-1.931789913214743E-003;
2.402333333333334E+009;1.777182668447495E-001;3.500318527221680E-002;-4.535221494734287E-003;-1.624817959964275E-003;
2.402500000000000E+009;1.783460825681686E-001;3.430571779608727E-002;-4.467049613595009E-003;-1.613604370504618E-003;
2.402666666666667E+009;1.785530596971512E-001;3.376857936382294E-002;-4.640311934053898E-003;-1.312883337959647E-003;
2.402833333333334E+009;1.786679178476334E-001;3.311107307672501E-002;-4.726256243884563E-003;-1.118939602747560E-003;
2.403000000000000E+009;1.787720918655396E-001;3.235469385981560E-002;-4.874081350862980E-003;-1.065002405084670E-003;
2.403166666666667E+009;1.788951903581619E-001;3.134869039058685E-002;-4.975065588951111E-003;-7.683522417210043E-004;
2.403333333333334E+009;1.788417100906372E-001;3.062663599848747E-002;-4.977269098162651E-003;-6.201592623256147E-004;
2.403500000000000E+009;1.786427199840546E-001;2.975769340991974E-002;-5.067776888608933E-003;-3.533400595188141E-004;
2.403666666666667E+009;1.784253865480423E-001;2.867244742810726E-002;-5.158140324056149E-003;-1.530399895273149E-004;
2.403833333333334E+009;1.783874034881592E-001;2.755161002278328E-002;-5.095709115266800E-003;8.233592961914837E-005;
2.404000000000000E+009;1.780820339918137E-001;2.649754472076893E-002;-5.050139967352152E-003;4.624199355021119E-004;
2.404166666666667E+009;1.776390373706818E-001;2.532918564975262E-002;-5.063373129814863E-003;6.899324362166226E-004;
2.404333333333334E+009;1.772516071796417E-001;2.425689995288849E-002;-5.083040799945593E-003;9.763892157934606E-004;
2.404500000000000E+009;1.769265979528427E-001;2.260795980691910E-002;-4.859324544668198E-003;1.135264872573316E-003;
2.404666666666667E+009;1.765374839305878E-001;2.150798216462135E-002;-4.824158269912005E-003;1.345681375823915E-003;
2.404833333333334E+009;1.761912703514099E-001;2.020538412034512E-002;-4.898652900010347E-003;1.412299461662769E-003;
2.405000000000000E+009;1.756068766117096E-001;1.853461191058159E-002;-4.710256587713957E-003;1.714880694635212E-003;
2.405166666666667E+009;1.752742677927017E-001;1.704563759267330E-002;-4.756567999720573E-003;1.747611211612821E-003;
2.405333333333334E+009;1.750101894140244E-001;1.539393421262503E-002;-4.530088044703007E-003;2.143207704648376E-003;
2.405500000000000E+009;1.744690835475922E-001;1.393930520862341E-002;-4.363859072327614E-003;2.185967983677983E-003;
2.405666666666667E+009;1.742077171802521E-001;1.232807990163565E-002;-4.276116844266653E-003;2.596059348434210E-003;
2.405833333333334E+009;1.737792193889618E-001;1.058533601462841E-002;-3.850852837786079E-003;2.697004470974207E-003;
2.406000000000000E+009;1.735756993293762E-001;8.632485754787922E-003;-4.017437808215618E-003;2.825247356668115E-003;
2.406166666666667E+009;1.731795221567154E-001;6.861314177513123E-003;-3.798901103436947E-003;3.050408558920026E-003;
2.406333333333334E+009;1.732796877622604E-001;5.156002938747406E-003;-3.661887254565954E-003;3.120770677924156E-003;
2.406500000000000E+009;1.729635596275330E-001;3.074151929467917E-003;-3.460686421021819E-003;3.220159560441971E-003;
2.406666666666667E+009;1.727631539106369E-001;1.268425956368446E-003;-3.397476393729448E-003;3.175852354615927E-003;
2.406833333333334E+009;1.729610413312912E-001;-7.453514263033867E-004;-3.188772359862924E-003;3.327915212139487E-003;
2.407000000000000E+009;1.730085760354996E-001;-2.835203660652041E-003;-2.970181871205568E-003;3.621365642175078E-003;
2.407166666666667E+009;1.731429249048233E-001;-4.700799006968737E-003;-2.694720402359963E-003;3.655568696558476E-003;
2.407333333333334E+009;1.732328981161118E-001;-6.853180937469006E-003;-2.461089985445142E-003;3.708255244418979E-003;
2.407500000000000E+009;1.735025197267532E-001;-8.901101537048817E-003;-2.399904420599341E-003;3.663684474304318E-003;
2.407666666666667E+009;1.737652122974396E-001;-1.068477425724268E-002;-2.223258139565587E-003;3.678384236991406E-003;
2.407833333333334E+009;1.739339381456375E-001;-1.291431300342083E-002;-2.098644385114312E-003;3.610195126384497E-003;
2.408000000000000E+009;1.743873059749603E-001;-1.499931421130896E-002;-1.846877508796752E-003;3.790200687944889E-003;
2.408166666666667E+009;1.745641529560089E-001;-1.683857478201389E-002;-1.769616501405835E-003;3.668938064947724E-003;
2.408333333333334E+009;1.752170175313950E-001;-1.877446472644806E-002;-1.576910610310733E-003;3.639943199232221E-003;
2.408500000000000E+009;1.754056215286255E-001;-2.074609510600567E-002;-1.502163941040635E-003;3.602607408538461E-003;
2.408666666666667E+009;1.759085357189179E-001;-2.250479348003864E-002;-1.419742126017809E-003;3.763178596273065E-003;
2.408833333333334E+009;1.760617345571518E-001;-2.432435192167759E-002;-1.326959347352386E-003;3.495244774967432E-003;
2.409000000000000E+009;1.765168309211731E-001;-2.582537196576595E-002;-1.200181315653026E-003;3.597718197852373E-003;
2.409166666666667E+009;1.768605709075928E-001;-2.733854204416275E-002;-1.124056288972497E-003;3.689695615321398E-003;
2.409333333333334E+009;1.773558557033539E-001;-2.901109121739864E-002;-1.123591326177120E-003;3.612037980929017E-003;
2.409500000000000E+009;1.776702105998993E-001;-3.032318688929081E-002;-9.189642150886357E-004;3.538246732205153E-003;
2.409666666666667E+009;1.779597252607346E-001;-3.152989596128464E-002;-7.342711905948818E-004;3.585544880479574E-003;
2.409833333333334E+009;1.784945726394653E-001;-3.249299898743630E-002;-7.493972079828382E-004;3.694458631798625E-003;
2.410000000000000E+009;1.789880543947220E-001;-3.335843235254288E-002;-6.571973208338022E-004;3.566955681890249E-003;
2.410166666666667E+009;1.794428676366806E-001;-3.442425280809403E-002;-5.751203862018883E-004;3.666389267891645E-003;
2.410333333333334E+009;1.796378195285797E-001;-3.509244322776794E-002;-4.049146373290569E-004;3.614899236708880E-003;
2.410500000000000E+009;1.800946295261383E-001;-3.597034141421318E-002;-3.028931096196175E-004;3.581823082640767E-003;
2.410666666666667E+009;1.803643256425858E-001;-3.689663484692574E-002;-3.573070862330496E-004;3.630263498052955E-003;
2.410833333333334E+009;1.808028817176819E-001;-3.728717938065529E-002;-3.381845599506050E-004;3.720475127920508E-003;
2.411000000000000E+009;1.810267716646195E-001;-3.809806331992149E-002;-1.157648803200573E-004;3.555796807631850E-003;
2.411166666666667E+009;1.812118738889694E-001;-3.853910788893700E-002;-2.522623799450230E-005;3.748995251953602E-003;
2.411333333333334E+009;1.813924163579941E-001;-3.916875645518303E-002;2.123266895068809E-004;3.642357187345624E-003;
2.411500000000000E+009;1.815113276243210E-001;-3.975938260555267E-002;1.872455759439617E-004;3.677132306620479E-003;
2.411666666666667E+009;1.815995573997498E-001;-3.995216265320778E-002;1.896599424071610E-004;3.618539078161120E-003;
2.411833333333334E+009;1.813695281744003E-001;-4.056786373257637E-002;4.396823715069331E-005;3.622800111770630E-003;
2.412000000000000E+009;1.812208145856857E-001;-4.097849503159523E-002;3.193200100213289E-004;3.693646518513560E-003;
2.412166666666667E+009;1.808927208185196E-001;-4.146104305982590E-002;4.552023601718247E-004;3.650898812338710E-003;
2.412333333333334E+009;1.809350252151489E-001;-4.160612821578980E-002;6.011636578477919E-004;3.675918094813824E-003;
2.412500000000000E+009;1.802752017974854E-001;-4.195936769247055E-002;6.164434016682208E-004;3.603598102927208E-003;
2.412666666666667E+009;1.797242462635040E-001;-4.265671968460083E-002;7.714952807873488E-004;3.778871847316623E-003;
2.412833333333334E+009;1.788908839225769E-001;-4.293316602706909E-002;8.958437247201800E-004;3.558466443791986E-003;
2.413000000000000E+009;1.782932430505753E-001;-4.334695264697075E-002;9.451673249714077E-004;3.487309208139777E-003;
2.413166666666667E+009;1.773111522197723E-001;-4.376966878771782E-002;9.764148271642625E-004;3.559950739145279E-003;
2.413333333333334E+009;1.764534860849381E-001;-4.444155469536781E-002;1.074914820492268E-003;3.539172001183033E-003;
2.413500000000000E+009;1.757371872663498E-001;-4.487295448780060E-002;1.198924612253904E-003;3.531527472659946E-003;
2.413666666666667E+009;1.748800426721573E-001;-4.538729414343834E-002;1.406316296197474E-003;3.638162044808269E-003;
2.413833333333334E+009;1.737773120403290E-001;-4.603917896747589E-002;1.420046319253743E-003;3.537389449775219E-003;
2.414000000000000E+009;1.726997494697571E-001;-4.680100083351135E-002;1.481655286625028E-003;3.827132750302553E-003;
2.414166666666667E+009;1.715712249279022E-001;-4.747777804732323E-002;1.499956706538796E-003;3.616122528910637E-003;
2.414333333333334E+009;1.703739464282990E-001;-4.836555942893028E-002;1.793687348254025E-003;3.259693505242467E-003;
2.414500000000000E+009;1.695801317691803E-001;-4.927134513854981E-002;1.852209912613034E-003;3.420823719352484E-003;
2.414666666666667E+009;1.682094633579254E-001;-5.014142394065857E-002;1.923386706039310E-003;3.353936364874244E-003;
2.414833333333334E+009;1.670787930488586E-001;-5.121815949678421E-002;2.153022447600961E-003;3.461209358647466E-003;
2.415000000000000E+009;1.658783257007599E-001;-5.232024937868118E-002;2.338632475584745E-003;3.434291575103998E-003;
2.415166666666667E+009;1.645322591066361E-001;-5.357361584901810E-002;2.394556766375899E-003;3.345794510096312E-003;
2.415333333333334E+009;1.637708544731140E-001;-5.493867769837380E-002;2.655500080436468E-003;3.239197889342904E-003;
2.415500000000000E+009;1.626013219356537E-001;-5.629288405179977E-002;2.623628126457334E-003;3.004496451467276E-003;
2.415666666666667E+009;1.613850444555283E-001;-5.776806548237801E-002;2.817398170009255E-003;3.086631186306477E-003;
2.415833333333334E+009;1.603194922208786E-001;-5.944583937525749E-002;2.900833263993263E-003;2.973639871925116E-003;
2.416000000000000E+009;1.591577678918839E-001;-6.119480729103088E-002;3.192076692357659E-003;2.759510185569525E-003;
2.416166666666667E+009;1.584002822637558E-001;-6.276696920394898E-002;3.160847816616297E-003;2.673802431672812E-003;
2.416333333333334E+009;1.573035120964050E-001;-6.447388976812363E-002;3.437769133597612E-003;2.658932236954570E-003;
2.416500000000000E+009;1.563680022954941E-001;-6.643765419721603E-002;3.342840354889631E-003;2.444018609821796E-003;
2.416666666666667E+009;1.555134356021881E-001;-6.820657104253769E-002;3.383192699402571E-003;2.308735856786370E-003;
2.416833333333334E+009;1.548413336277008E-001;-7.021389901638031E-002;3.389783902093768E-003;2.083716681227088E-003;
2.417000000000000E+009;1.538143754005432E-001;-7.216524332761765E-002;3.515934338793159E-003;1.926167402416468E-003;
2.417166666666667E+009;1.531189531087875E-001;-7.385351508855820E-002;3.656043903902173E-003;1.875057234428823E-003;
2.417333333333334E+009;1.525920033454895E-001;-7.587388902902603E-002;3.695984138175845E-003;1.710940967313945E-003;
2.417500000000000E+009;1.518829017877579E-001;-7.793360203504562E-002;3.601407399401069E-003;1.505511114373803E-003;
2.417666666666667E+009;1.515957564115524E-001;-7.955281436443329E-002;3.631170140579343E-003;1.526398584246635E-003;
2.417833333333334E+009;1.509300470352173E-001;-8.143651485443115E-002;3.699291497468948E-003;1.280165393836796E-003;
2.418000000000000E+009;1.504349112510681E-001;-8.328284323215485E-002;3.650765633210540E-003;1.329405233263969E-003;
2.418166666666667E+009;1.500645726919174E-001;-8.487932384014130E-002;3.810548922047019E-003;1.255827373825014E-003;
2.418333333333334E+009;1.501321345567703E-001;-8.656220883131027E-002;3.684533992782235E-003;1.134070102125406E-003;
2.418500000000000E+009;1.498336791992188E-001;-8.811435103416443E-002;3.890204010531306E-003;9.368907194584608E-004;
2.418666666666667E+009;1.497334986925125E-001;-8.976002037525177E-002;3.888444975018501E-003;7.071548607200384E-004;
2.418833333333334E+009;1.495641469955444E-001;-9.110023826360703E-002;3.649611957371235E-003;6.649898714385927E-004;
2.419000000000000E+009;1.492783129215241E-001;-9.236498922109604E-002;3.800387494266033E-003;4.291403747629374E-004;
2.419166666666667E+009;1.495326906442642E-001;-9.359056502580643E-002;3.942771349102259E-003;4.425089282449335E-004;
2.419333333333334E+009;1.494283527135849E-001;-9.454597532749176E-002;3.915139939635992E-003;4.295868857298046E-004;
2.419500000000000E+009;1.496233642101288E-001;-9.577348083257675E-002;3.598117502406240E-003;1.486588007537648E-004;
2.419666666666667E+009;1.499460190534592E-001;-9.670909494161606E-002;3.716227132827044E-003;1.398709719069302E-004;
2.419833333333334E+009;1.499100774526596E-001;-9.725454449653626E-002;3.604931058362126E-003;-1.565860839036759E-005;
2.420000000000000E+009;1.502775102853775E-001;-9.786003828048706E-002;3.679063636809588E-003;-9.425479220226407E-005;
2.420166666666667E+009;1.505293846130371E-001;-9.850953519344330E-002;3.695984603837133E-003;-5.735321610700339E-005;
2.420333333333334E+009;1.508094221353531E-001;-9.906556457281113E-002;3.574596252292395E-003;-3.017740091308951E-004;
2.420500000000000E+009;1.510994434356690E-001;-9.922232478857040E-002;3.739052684977651E-003;-1.795475109247491E-004;
2.420666666666667E+009;1.513000875711441E-001;-9.942258894443512E-002;3.684163093566895E-003;-1.279512362089008E-004;
2.420833333333334E+009;1.515707969665527E-001;-9.972460567951202E-002;3.668147837743163E-003;-2.885847643483430E-004;
2.421000000000000E+009;1.516519486904144E-001;-1.000116541981697E-001;3.476468147709966E-003;-4.407148517202586E-004;
2.421166666666667E+009;1.519681662321091E-001;-9.971287101507187E-002;3.713001962751150E-003;-5.076212692074478E-004;
2.421333333333334E+009;1.521941423416138E-001;-9.992419183254242E-002;3.758383914828301E-003;-5.618975264951587E-004;
2.421500000000000E+009;1.519754230976105E-001;-9.964400529861450E-002;3.881572978571057E-003;-5.943848518654704E-004;
2.421666666666667E+009;1.521748900413513E-001;-9.949214011430740E-002;3.905144752934575E-003;-8.132829680107534E-004;
2.421833333333334E+009;1.521630734205246E-001;-9.939441829919815E-002;3.938320092856884E-003;-8.212339598685503E-004;
2.422000000000000E+009;1.521055996417999E-001;-9.909873455762863E-002;4.091401584446430E-003;-1.110888901166618E-003;
2.422166666666667E+009;1.518377959728241E-001;-9.898634254932404E-002;3.988435957580805E-003;-1.205121981911361E-003;
2.422333333333334E+009;1.514504253864288E-001;-9.867793321609497E-002;4.159478936344385E-003;-1.263111247681081E-003;
2.422500000000000E+009;1.508435010910034E-001;-9.836009889841080E-002;4.102398175746203E-003;-1.604115939699113E-003;
2.422666666666667E+009;1.504369974136353E-001;-9.803135693073273E-002;3.948123194277287E-003;-1.898438553325832E-003;
2.422833333333334E+009;1.495483219623566E-001;-9.784291684627533E-002;4.024768248200417E-003;-2.067665569484234E-003;
2.423000000000000E+009;1.489356756210327E-001;-9.747152775526047E-002;3.849411616101861E-003;-2.228010445833206E-003;
2.423166666666667E+009;1.480850428342819E-001;-9.703188389539719E-002;3.882825840264559E-003;-2.470749197527766E-003;
2.423333333333334E+009;1.472343057394028E-001;-9.673670679330826E-002;3.902700031176209E-003;-2.560020890086889E-003;
2.423500000000000E+009;1.461688280105591E-001;-9.649661183357239E-002;3.589271567761898E-003;-2.692136215046048E-003;
2.423666666666667E+009;1.448820233345032E-001;-9.616722166538239E-002;3.559232456609607E-003;-2.797843422740698E-003;
2.423833333333334E+009;1.439481228590012E-001;-9.596919268369675E-002;3.290389198809862E-003;-2.962967613711953E-003;
2.424000000000000E+009;1.425091326236725E-001;-9.567928314208984E-002;3.168763825669885E-003;-3.035085508599877E-003;
2.424166666666667E+009;1.410915404558182E-001;-9.549181163311005E-002;2.990873763337731E-003;-2.972380723804236E-003;
2.424333333333334E+009;1.400288641452789E-001;-9.532020241022110E-002;2.719439566135407E-003;-3.126593539491296E-003;
2.424500000000000E+009;1.385425925254822E-001;-9.536784142255783E-002;2.734344685450196E-003;-3.154445206746459E-003;
2.424666666666667E+009;1.371652483940125E-001;-9.531472623348236E-002;2.685214392840862E-003;-3.172476775944233E-003;
2.424833333333334E+009;1.357978135347366E-001;-9.550918638706207E-002;2.476685913279653E-003;-3.172396216541529E-003;
2.425000000000000E+009;1.343543082475662E-001;-9.588894993066788E-002;2.329454757273197E-003;-3.114792751148343E-003;
2.425166666666667E+009;1.327290683984757E-001;-9.634365141391754E-002;2.261963672935963E-003;-3.399168374016881E-003;
2.425333333333334E+009;1.314567178487778E-001;-9.666367620229721E-002;2.118648961186409E-003;-3.239164827391505E-003;
2.425500000000000E+009;1.300729364156723E-001;-9.730579704046249E-002;2.222610171884298E-003;-3.357868175953627E-003;
2.425666666666667E+009;1.285006552934647E-001;-9.811999648809433E-002;2.171751810237765E-003;-3.380818292498589E-003;
2.425833333333334E+009;1.272201389074326E-001;-9.902369976043701E-002;1.970779150724411E-003;-3.449212061241269E-003;
2.426000000000000E+009;1.258439421653748E-001;-9.995104372501373E-002;1.958992797881365E-003;-3.329360159114003E-003;
2.426166666666667E+009;1.246160417795181E-001;-1.010565012693405E-001;1.899688621051610E-003;-3.497797297313809E-003;
2.426333333333334E+009;1.232823058962822E-001;-1.022023931145668E-001;1.740002306178212E-003;-3.636183682829142E-003;
2.426500000000000E+009;1.220350116491318E-001;-1.034398302435875E-001;1.705145812593401E-003;-3.537856973707676E-003;
2.426666666666667E+009;1.209080591797829E-001;-1.046540141105652E-001;1.779914833605290E-003;-3.517232835292816E-003;
2.426833333333334E+009;1.198100447654724E-001;-1.061997562646866E-001;1.622771378606558E-003;-3.719706553965807E-003;
2.427000000000000E+009;1.186561211943626E-001;-1.076213344931603E-001;1.423866953700781E-003;-3.612068016082048E-003;
2.427166666666667E+009;1.177063286304474E-001;-1.092213466763496E-001;1.568047679029405E-003;-3.780675120651722E-003;
2.427333333333334E+009;1.168079599738121E-001;-1.108620241284370E-001;1.368394703604281E-003;-3.809554269537330E-003;
2.427500000000000E+009;1.160917356610298E-001;-1.124730706214905E-001;1.265638507902622E-003;-3.913347143679857E-003;
2.427666666666667E+009;1.152564436197281E-001;-1.142563000321388E-001;1.326126861386001E-003;-4.082475788891316E-003;
2.427833333333334E+009;1.146327033638954E-001;-1.159929186105728E-001;1.089610275812447E-003;-4.085222724825144E-003;
2.428000000000000E+009;1.141384765505791E-001;-1.178793907165527E-001;1.094708452001214E-003;-4.056038800626993E-003;
2.428166666666667E+009;1.136345937848091E-001;-1.195584759116173E-001;9.974073618650436E-004;-4.181073512881994E-003;
2.428333333333334E+009;1.134503781795502E-001;-1.213540509343147E-001;9.192776051349938E-004;-4.325493238866329E-003;
2.428500000000000E+009;1.131218448281288E-001;-1.231864988803864E-001;7.117185741662979E-004;-4.376832861453295E-003;
2.428666666666667E+009;1.129340454936028E-001;-1.247047036886215E-001;5.533827934414148E-004;-4.398968070745468E-003;
2.428833333333334E+009;1.127381026744843E-001;-1.264606714248657E-001;3.777233650907874E-004;-4.692711401730776E-003;
2.429000000000000E+009;1.128332093358040E-001;-1.279401332139969E-001;3.698835498653352E-004;-4.542178940027952E-003;
2.429166666666667E+009;1.127446815371513E-001;-1.294931918382645E-001;9.945077908923850E-005;-4.632553085684776E-003;
2.429333333333334E+009;1.129162460565567E-001;-1.310425996780396E-001;-9.514281555311754E-005;-4.658622667193413E-003;
2.429500000000000E+009;1.130834519863129E-001;-1.325250267982483E-001;-1.179756727651693E-004;-4.695668350905180E-003;
2.429666666666667E+009;1.132772043347359E-001;-1.337184160947800E-001;-3.472314274404198E-004;-4.732415080070496E-003;
2.429833333333334E+009;1.135702207684517E-001;-1.349280029535294E-001;-5.061994888819754E-004;-4.667972214519978E-003;
2.430000000000000E+009;1.140464693307877E-001;-1.362511813640595E-001;-7.474470767192543E-004;-4.746065475046635E-003;
2.430166666666667E+009;1.144166663289070E-001;-1.373469829559326E-001;-9.349143947474659E-004;-4.851316567510366E-003;
2.430333333333334E+009;1.148593276739121E-001;-1.382671594619751E-001;-1.063111238181591E-003;-4.709531087428331E-003;
2.430500000000000E+009;1.151886358857155E-001;-1.390676200389862E-001;-1.170444535091519E-003;-4.733436740934849E-003;
2.430666666666667E+009;1.156176328659058E-001;-1.400344967842102E-001;-1.503233332186937E-003;-4.831419326364994E-003;
2.430833333333334E+009;1.160588935017586E-001;-1.408435106277466E-001;-1.598070142790675E-003;-4.744467791169882E-003;
2.431000000000000E+009;1.165848076343536E-001;-1.412835270166397E-001;-1.686576404608786E-003;-4.780576098710299E-003;
2.431166666666667E+009;1.170542538166046E-001;-1.420157849788666E-001;-2.037184778600931E-003;-4.773215856403112E-003;
2.431333333333334E+009;1.173537522554398E-001;-1.424575001001358E-001;-2.235908759757876E-003;-4.668729845434427E-003;
2.431500000000000E+009;1.177692860364914E-001;-1.427195668220520E-001;-2.378889825195074E-003;-4.661872517317534E-003;
2.431666666666667E+009;1.182287335395813E-001;-1.429512947797775E-001;-2.596095437183976E-003;-4.607594106346369E-003;
2.431833333333334E+009;1.181537583470345E-001;-1.432969421148300E-001;-2.873372985050082E-003;-4.515607375651598E-003;
2.432000000000000E+009;1.183361262083054E-001;-1.435489207506180E-001;-3.199779428541660E-003;-4.414317198097706E-003;
2.432166666666667E+009;1.184648349881172E-001;-1.434792876243591E-001;-3.370256163179874E-003;-4.383149091154337E-003;
2.432333333333334E+009;1.185116991400719E-001;-1.432211101055145E-001;-3.400763263925910E-003;-4.223576746881008E-003;
2.432500000000000E+009;1.183850839734078E-001;-1.432580053806305E-001;-3.764337394386530E-003;-4.119334742426872E-003;
2.432666666666667E+009;1.182975471019745E-001;-1.430412679910660E-001;-3.922223113477230E-003;-3.948394674807787E-003;
2.432833333333334E+009;1.180777028203011E-001;-1.428603529930115E-001;-4.126210231333971E-003;-3.723121481016278E-003;
2.433000000000000E+009;1.178606599569321E-001;-1.423104256391525E-001;-4.349447321146727E-003;-3.450314980000258E-003;
2.433166666666667E+009;1.174467206001282E-001;-1.420290917158127E-001;-4.367185290902853E-003;-3.442294662818313E-003;
2.433333333333334E+009;1.170661225914955E-001;-1.414219886064529E-001;-4.629637114703655E-003;-3.194282995536923E-003;
2.433500000000000E+009;1.165309697389603E-001;-1.411789953708649E-001;-4.623006563633680E-003;-3.009567502886057E-003;
2.433666666666667E+009;1.162731647491455E-001;-1.407372951507568E-001;-4.858127329498529E-003;-2.816341817378998E-003;
2.433833333333334E+009;1.154957786202431E-001;-1.403531730175018E-001;-4.770660772919655E-003;-2.605316927656531E-003;
2.434000000000000E+009;1.149560883641243E-001;-1.399881094694138E-001;-4.981427919119597E-003;-2.581107197329402E-003;
2.434166666666667E+009;1.139703989028931E-001;-1.396329700946808E-001;-4.989154171198607E-003;-2.332642208784819E-003;
2.434333333333334E+009;1.130754947662354E-001;-1.392383426427841E-001;-5.223731044679880E-003;-2.200421877205372E-003;
2.434500000000000E+009;1.122472584247589E-001;-1.388136297464371E-001;-5.342428572475910E-003;-1.901788171380758E-003;
2.434666666666667E+009;1.111504733562470E-001;-1.388735920190811E-001;-5.352638661861420E-003;-1.689755939878523E-003;
2.434833333333334E+009;1.099505722522736E-001;-1.386606693267822E-001;-5.479523912072182E-003;-1.585245598107576E-003;
2.435000000000000E+009;1.087748333811760E-001;-1.385965943336487E-001;-5.442597903311253E-003;-1.340855145826936E-003;
2.435166666666667E+009;1.075802221894264E-001;-1.385987699031830E-001;-5.427019204944372E-003;-1.154481200501323E-003;
2.435333333333334E+009;1.062134504318237E-001;-1.388525515794754E-001;-5.674171727150679E-003;-9.731380851007998E-004;
2.435500000000000E+009;1.048823595046997E-001;-1.389690935611725E-001;-5.688415374606848E-003;-6.661960505880415E-004;
2.435666666666667E+009;1.034844070672989E-001;-1.392384767532349E-001;-5.731779150664806E-003;-2.501483249943703E-004;
2.435833333333334E+009;1.020111888647080E-001;-1.395100504159927E-001;-5.797822028398514E-003;-1.892021100502461E-004;
2.436000000000000E+009;1.004759520292282E-001;-1.399221122264862E-001;-5.802911240607500E-003;1.284096797462553E-004;
2.436166666666667E+009;9.863238781690598E-002;-1.402882039546967E-001;-5.690622609108686E-003;3.341478877700865E-004;
2.436333333333334E+009;9.729435294866562E-002;-1.407723724842072E-001;-5.804289132356644E-003;6.024174508638680E-004;
2.436500000000000E+009;9.574484825134277E-002;-1.414510905742645E-001;-5.716778803616762E-003;7.740878500044346E-004;
2.436666666666667E+009;9.404994547367096E-002;-1.421134620904923E-001;-5.567254964262247E-003;1.085936324670911E-003;
2.436833333333334E+009;9.249000251293182E-002;-1.428074091672897E-001;-5.601411219686270E-003;1.359611516818404E-003;
2.437000000000000E+009;9.090927243232727E-002;-1.434789150953293E-001;-5.412913393229246E-003;1.761693973094225E-003;
2.437166666666667E+009;8.942296355962753E-002;-1.444702297449112E-001;-5.114687606692314E-003;1.879035029560328E-003;
2.437333333333334E+009;8.792361617088318E-002;-1.451657116413117E-001;-5.033180117607117E-003;2.023486187681556E-003;
2.437500000000000E+009;8.670784533023834E-002;-1.461549848318100E-001;-5.040118005126715E-003;2.347764791920781E-003;
2.437666666666667E+009;8.534704148769379E-002;-1.470687389373779E-001;-4.828316159546375E-003;2.436383860185742E-003;
2.437833333333334E+009;8.420245349407196E-002;-1.479634642601013E-001;-4.666190128773451E-003;2.652106108143926E-003;
2.438000000000000E+009;8.305215090513229E-002;-1.491329669952393E-001;-4.603074863553047E-003;2.817695494741201E-003;
2.438166666666667E+009;8.203075081110001E-002;-1.501950472593308E-001;-4.333241377025843E-003;2.873999066650868E-003;
2.438333333333334E+009;8.108050376176834E-002;-1.509778946638107E-001;-4.132279194891453E-003;3.086628392338753E-003;
2.438500000000000E+009;8.031329512596130E-002;-1.522325277328491E-001;-4.014763515442610E-003;3.015236463397741E-003;
2.438666666666667E+009;7.965742051601410E-002;-1.534482389688492E-001;-3.901869989931583E-003;3.232918214052916E-003;
2.438833333333334E+009;7.881514728069305E-002;-1.543666422367096E-001;-3.751721233129501E-003;3.293843939900398E-003;
2.439000000000000E+009;7.829122245311737E-002;-1.557020097970963E-001;-3.591986838728190E-003;3.413179656490684E-003;
2.439166666666667E+009;7.768239825963974E-002;-1.567991077899933E-001;-3.442116314545274E-003;3.487277077510953E-003;
2.439333333333334E+009;7.704256474971771E-002;-1.577634364366531E-001;-3.308523911982775E-003;3.459820756688714E-003;
2.439500000000000E+009;7.680580019950867E-002;-1.590044796466827E-001;-3.093421226367354E-003;3.632145235314965E-003;
2.439666666666667E+009;7.631390541791916E-002;-1.600543558597565E-001;-3.042224794626236E-003;3.724618116393685E-003;
2.439833333333334E+009;7.627426832914352E-002;-1.609595865011215E-001;-2.900888910517097E-003;3.789737122133374E-003;
2.440000000000000E+009;7.574108988046646E-002;-1.620467752218247E-001;-2.569303382188082E-003;3.931942861527205E-003;
2.440166666666667E+009;7.560143619775772E-002;-1.629091352224350E-001;-2.512098057195544E-003;3.802775172516704E-003;
2.440333333333334E+009;7.540982961654663E-002;-1.638952791690826E-001;-2.471259329468012E-003;3.922267351299524E-003;
2.440500000000000E+009;7.506040483713150E-002;-1.645373702049255E-001;-2.198697533458471E-003;4.132584668695927E-003;
2.440666666666667E+009;7.487174868583679E-002;-1.654746681451798E-001;-2.086292486637831E-003;4.116403404623270E-003;
2.440833333333334E+009;7.483190298080444E-002;-1.661591529846191E-001;-1.938052009791136E-003;4.069051705300808E-003;
2.441000000000000E+009;7.471225410699844E-002;-1.665518134832382E-001;-1.658590044826269E-003;4.098867997527123E-003;
2.441166666666667E+009;7.444371283054352E-002;-1.670698374509811E-001;-1.581039046868682E-003;4.237453918904066E-003;
2.441333333333334E+009;7.444781810045242E-002;-1.674132347106934E-001;-1.449351431801915E-003;4.117251839488745E-003;
2.441500000000000E+009;7.407521456480026E-002;-1.676352322101593E-001;-1.227209693752229E-003;4.326526541262865E-003;
2.441666666666667E+009;7.402546703815460E-002;-1.677429527044296E-001;-1.177446218207479E-003;4.173086956143379E-003;
2.441833333333334E+009;7.395045459270477E-002;-1.681201457977295E-001;-9.912243112921715E-004;4.129621200263500E-003;
2.442000000000000E+009;7.359035313129425E-002;-1.681549251079559E-001;-8.790465653873980E-004;4.276362713426352E-003;
2.442166666666667E+009;7.348617911338806E-002;-1.679682880640030E-001;-7.154757622629404E-004;4.273616243153811E-003;
2.442333333333334E+009;7.322446256875992E-002;-1.679146289825440E-001;-5.974991363473237E-004;4.342830274254084E-003;
2.442500000000000E+009;7.294654846191406E-002;-1.677532792091370E-001;-4.173273919150233E-004;4.287996795028448E-003;
2.442666666666667E+009;7.267878204584122E-002;-1.673431694507599E-001;-3.317949303891510E-004;4.150352906435728E-003;
2.442833333333334E+009;7.225938141345978E-002;-1.672627180814743E-001;-1.166083748103119E-004;4.266077652573586E-003;
2.443000000000000E+009;7.195490598678589E-002;-1.668425500392914E-001;3.970968464273028E-005;4.112921655178070E-003;
2.443166666666667E+009;7.149023562669754E-002;-1.666497737169266E-001;2.506291784811765E-004;4.131548106670380E-003;
2.443333333333334E+009;7.099411636590958E-002;-1.659850329160690E-001;4.784888878930360E-004;4.127458203583956E-003;
2.443500000000000E+009;7.033323496580124E-002;-1.655118465423584E-001;3.840259450953454E-004;4.082813858985901E-003;
2.443666666666667E+009;6.983458250761032E-002;-1.653214097023010E-001;6.683586980216205E-004;4.040828905999661E-003;
2.443833333333334E+009;6.901030987501144E-002;-1.649503260850906E-001;9.327374282293022E-004;3.745807567611337E-003;
2.444000000000000E+009;6.842154264450073E-002;-1.645386964082718E-001;8.994321106001735E-004;3.897954244166613E-003;
2.444166666666667E+009;6.746411323547363E-002;-1.641463637351990E-001;1.091558486223221E-003;3.780922619625926E-003;
2.444333333333334E+009;6.663981825113297E-002;-1.639092117547989E-001;1.189738395623863E-003;3.644451964646578E-003;
2.444500000000000E+009;6.562947481870651E-002;-1.637021005153656E-001;1.257253927178681E-003;3.655008040368557E-003;
2.444666666666667E+009;6.454889476299286E-002;-1.633513420820236E-001;1.312747364863753E-003;3.452860284596682E-003;
2.444833333333334E+009;6.343960016965866E-002;-1.630367487668991E-001;1.450333627872169E-003;3.384184557944536E-003;
2.445000000000000E+009;6.240350008010864E-002;-1.628574132919312E-001;1.500046811997891E-003;3.276163479313254E-003;
2.445166666666667E+009;6.101488694548607E-002;-1.626422405242920E-001;1.583934645168483E-003;3.291519824415445E-003;
2.445333333333334E+009;5.971540510654450E-002;-1.625981032848358E-001;1.805168227292597E-003;3.170965239405632E-003;
2.445500000000000E+009;5.834662169218063E-002;-1.626142412424088E-001;1.809764886274934E-003;3.101540496572852E-003;
2.445666666666667E+009;5.698109418153763E-002;-1.625802218914032E-001;1.831152010709047E-003;3.001520410180092E-003;
2.445833333333334E+009;5.537661910057068E-002;-1.627978682518005E-001;2.040509600192308E-003;2.837171312421560E-003;
2.446000000000000E+009;5.392251536250114E-002;-1.627641767263413E-001;2.228587865829468E-003;2.830513287335634E-003;
2.446166666666667E+009;5.249548330903053E-002;-1.631323546171188E-001;2.224608091637492E-003;2.654309384524822E-003;
2.446333333333334E+009;5.093700811266899E-002;-1.633060872554779E-001;2.222899347543716E-003;2.616985235363245E-003;
2.446500000000000E+009;4.943726584315300E-002;-1.635144948959351E-001;2.342683961614966E-003;2.595913829281926E-003;
2.446666666666667E+009;4.771348088979721E-002;-1.639679074287415E-001;2.390334848314524E-003;2.237261971458793E-003;
2.446833333333334E+009;4.655255004763603E-002;-1.643087416887283E-001;2.290428616106510E-003;2.178356517106295E-003;
2.447000000000000E+009;4.472820088267326E-002;-1.648859530687332E-001;2.440095413476229E-003;2.119119977578521E-003;
2.447166666666667E+009;4.323014989495277E-002;-1.653290539979935E-001;2.564740367233753E-003;1.822342979721725E-003;
2.447333333333334E+009;4.180797189474106E-002;-1.658461540937424E-001;2.303743967786431E-003;1.907185185700655E-003;
2.447500000000000E+009;4.050593450665474E-002;-1.665745824575424E-001;2.522053662687540E-003;1.621078583411872E-003;
2.447666666666667E+009;3.907559439539909E-002;-1.671958863735199E-001;2.451282460242510E-003;1.530435634776950E-003;
2.447833333333334E+009;3.769908100366592E-002;-1.680311858654022E-001;2.475392306223512E-003;1.433648052625358E-003;
2.448000000000000E+009;3.657111898064613E-002;-1.688254177570343E-001;2.404936589300633E-003;1.162909436970949E-003;
2.448166666666667E+009;3.531368076801300E-002;-1.696105152368546E-001;2.277669729664922E-003;1.248099957592785E-003;
2.448333333333334E+009;3.427932038903236E-002;-1.705042123794556E-001;2.189347753301263E-003;1.063642324879766E-003;
2.448500000000000E+009;3.328274935483933E-002;-1.714299023151398E-001;2.238029614090920E-003;9.832177311182022E-004;
2.448666666666667E+009;3.214016556739807E-002;-1.722599565982819E-001;2.228191588073969E-003;7.406575605273247E-004;
2.448833333333334E+009;3.127652779221535E-002;-1.731918007135391E-001;1.974759623408318E-003;8.776232134550810E-004;
2.449000000000000E+009;3.038275986909866E-002;-1.740013957023621E-001;1.987391384318471E-003;8.533353684470058E-004;
2.449166666666667E+009;2.944107539951801E-002;-1.750945895910263E-001;1.818875782191753E-003;7.873084396123886E-004;
2.449333333333334E+009;2.878218144178391E-002;-1.760769039392471E-001;1.877145143225789E-003;7.271285867318511E-004;
2.449500000000000E+009;2.786626480519772E-002;-1.768578737974167E-001;1.740904874168336E-003;8.096044184640050E-004;
2.449666666666667E+009;2.719953842461109E-002;-1.777443438768387E-001;1.802903134375811E-003;6.886417395435274E-004;
2.449833333333334E+009;2.658925019204617E-002;-1.786630004644394E-001;1.789640169590712E-003;5.707698874175549E-004;
2.450000000000000E+009;2.592655271291733E-002;-1.795469373464584E-001;1.730923773720861E-003;6.638391059823334E-004;
2.450166666666667E+009;2.528625726699829E-002;-1.801820546388626E-001;1.749568968079984E-003;8.039948297664523E-004;
2.450333333333334E+009;2.483548969030380E-002;-1.807750612497330E-001;1.601346884854138E-003;8.446690626442432E-004;
2.450500000000000E+009;2.420808933675289E-002;-1.814216524362564E-001;1.646574703045189E-003;7.367723155766726E-004;
2.450666666666667E+009;2.381224744021893E-002;-1.820851564407349E-001;1.611975952982903E-003;7.742020534351468E-004;
2.450833333333334E+009;2.331737428903580E-002;-1.824646443128586E-001;1.551888883113861E-003;7.848322275094688E-004;
2.451000000000000E+009;2.310661971569061E-002;-1.828084439039230E-001;1.653755316510797E-003;9.006374166347086E-004;
2.451166666666667E+009;2.265446819365025E-002;-1.832731366157532E-001;1.580331241711974E-003;8.456318755634129E-004;
2.451333333333334E+009;2.233656309545040E-002;-1.835281699895859E-001;1.590044936165214E-003;7.885781815275550E-004;
2.451500000000000E+009;2.182286977767944E-002;-1.836663037538528E-001;1.737649901770055E-003;7.582759717479348E-004;
2.451666666666667E+009;2.134294062852860E-002;-1.836518943309784E-001;1.710207317955792E-003;8.191367960534990E-004;
2.451833333333334E+009;2.119308151304722E-002;-1.838818490505219E-001;1.672746031545103E-003;8.964866865426302E-004;
2.452000000000000E+009;2.104375883936882E-002;-1.839150935411453E-001;1.781223574653268E-003;8.755910675972700E-004;
2.452166666666667E+009;2.066895738244057E-002;-1.838286817073822E-001;1.763341715559363E-003;8.261185139417648E-004;
2.452333333333334E+009;2.028992399573326E-002;-1.838143020868301E-001;1.851530279964209E-003;1.021215924993157E-003;
2.452500000000000E+009;1.979010365903378E-002;-1.837052106857300E-001;1.765924622304738E-003;8.308997494168580E-004;
2.452666666666667E+009;1.931241340935230E-002;-1.833846569061279E-001;1.875394023954868E-003;9.056599810719490E-004;
2.452833333333334E+009;1.870716363191605E-002;-1.832728981971741E-001;1.812547212466598E-003;8.200988522730768E-004;
2.453000000000000E+009;1.830157637596130E-002;-1.830798685550690E-001;2.049046335741878E-003;9.712224709801376E-004;
2.453166666666667E+009;1.766621321439743E-002;-1.828360110521317E-001;1.976856263354421E-003;8.280010079033673E-004;
2.453333333333334E+009;1.706929318606854E-002;-1.825122982263565E-001;2.075263531878591E-003;8.023931877687573E-004;
2.453500000000000E+009;1.652402244508266E-002;-1.821241378784180E-001;2.005232730880380E-003;9.355042711831629E-004;
2.453666666666667E+009;1.582763530313969E-002;-1.818187534809113E-001;2.180352341383696E-003;8.579023997299373E-004;
2.453833333333334E+009;1.499948929995298E-002;-1.815325617790222E-001;2.249595941975713E-003;7.937523187138140E-004;
2.454000000000000E+009;1.413367781788111E-002;-1.810516566038132E-001;2.250430872663856E-003;6.671161972917616E-004;
2.454166666666667E+009;1.321846991777420E-002;-1.807903349399567E-001;2.358820522204042E-003;6.852927617728710E-004;
2.454333333333334E+009;1.220333296805620E-002;-1.803479045629501E-001;2.444698708131909E-003;6.629878771491349E-004;
2.454500000000000E+009;1.105487998574972E-002;-1.801954805850983E-001;2.425932791084051E-003;6.024915492162108E-004;
2.454666666666667E+009;1.012683846056461E-002;-1.797993183135986E-001;2.489243401214480E-003;6.646136753261089E-004;
2.454833333333334E+009;8.961190469563007E-003;-1.793974786996841E-001;2.575172344222665E-003;4.540280788205564E-004;
2.455000000000000E+009;7.876158691942692E-003;-1.792199313640595E-001;2.672452013939619E-003;5.885403370484710E-004;
2.455166666666667E+009;6.532919593155384E-003;-1.788700819015503E-001;2.715140348300338E-003;4.469461855478585E-004;
2.455333333333334E+009;5.244360771030188E-003;-1.785666942596436E-001;2.779464470222592E-003;3.046465280931443E-004;
2.455500000000000E+009;3.880629315972328E-003;-1.785037964582443E-001;2.884061308577657E-003;1.185086730401963E-004;
2.455666666666667E+009;2.523012459278107E-003;-1.781447678804398E-001;2.950770081952214E-003;1.500239450251684E-004;
2.455833333333334E+009;1.131487777456641E-003;-1.780288070440292E-001;2.890969160944223E-003;-5.924755168962292E-005;
2.456000000000000E+009;-2.696143055800349E-004;-1.778282970190048E-001;2.971015637740493E-003;-1.231267960974947E-004;
2.456166666666667E+009;-1.544933184050024E-003;-1.776935756206513E-001;3.061156719923019E-003;-2.613493998069316E-004;
2.456333333333334E+009;-2.999003510922194E-003;-1.777822822332382E-001;3.044382203370333E-003;-4.287899355404079E-004;
2.456500000000000E+009;-4.490039777010679E-003;-1.776940971612930E-001;3.114799037575722E-003;-7.143968832679093E-004;
2.456666666666667E+009;-6.100016646087170E-003;-1.776756644248962E-001;2.976618008688092E-003;-7.022102945484221E-004;
2.456833333333334E+009;-7.397098001092672E-003;-1.776008009910584E-001;2.923907712101936E-003;-1.138076302595437E-003;
2.457000000000000E+009;-8.923861198127270E-003;-1.777112483978272E-001;2.943017520010471E-003;-1.011237967759371E-003;
2.457166666666667E+009;-1.025132462382317E-002;-1.778620928525925E-001;2.849817043170333E-003;-1.164705958217382E-003;
2.457333333333334E+009;-1.150382496416569E-002;-1.778750717639923E-001;2.669353969395161E-003;-1.190263079479337E-003;
2.457500000000000E+009;-1.292979903519154E-002;-1.780524849891663E-001;2.668459899723530E-003;-1.319708302617073E-003;
2.457666666666667E+009;-1.399182528257370E-002;-1.783451735973358E-001;2.618523314595223E-003;-1.350648235529661E-003;
2.457833333333334E+009;-1.541877258569002E-002;-1.784946024417877E-001;2.488923724740744E-003;-1.532654045149684E-003;
2.458000000000000E+009;-1.653770729899406E-002;-1.785314977169037E-001;2.426103223115206E-003;-1.460809609852731E-003;
2.458166666666667E+009;-1.774430088698864E-002;-1.790423244237900E-001;2.329827053472400E-003;-1.419467502273619E-003;
2.458333333333334E+009;-1.888317801058292E-002;-1.793521493673325E-001;2.400678582489491E-003;-1.685803756117821E-003;
2.458500000000000E+009;-1.977653056383133E-002;-1.793343871831894E-001;2.151587046682835E-003;-1.617566915228963E-003;
2.458666666666667E+009;-2.085422351956368E-002;-1.796973049640656E-001;2.062918152660132E-003;-1.584951533004642E-003;
2.458833333333334E+009;-2.159222774207592E-002;-1.799250394105911E-001;2.112697809934616E-003;-1.705151633359492E-003;
2.459000000000000E+009;-2.250648848712444E-002;-1.801679432392120E-001;2.023577922955155E-003;-1.696742721833289E-003;
2.459166666666667E+009;-2.349015511572361E-002;-1.804321110248566E-001;1.926562516018748E-003;-1.749458257108927E-003;
2.459333333333334E+009;-2.413947880268097E-002;-1.803798228502274E-001;1.936739659868181E-003;-1.689774915575981E-003;
2.459500000000000E+009;-2.475696802139282E-002;-1.806250661611557E-001;1.858568750321865E-003;-1.731025986373425E-003;
2.459666666666667E+009;-2.559283003211021E-002;-1.805761456489563E-001;2.075092634186149E-003;-1.717411214485765E-003;
2.459833333333334E+009;-2.616786770522595E-002;-1.807078570127487E-001;1.923500793054700E-003;-1.628651283681393E-003;
2.460000000000000E+009;-2.666384167969227E-002;-1.806468069553375E-001;1.871962449513376E-003;-1.785864587873220E-003;
2.460166666666667E+009;-2.730658464133740E-002;-1.806209683418274E-001;1.956180902197957E-003;-1.775043201632798E-003;
2.460333333333334E+009;-2.774702385067940E-002;-1.804497689008713E-001;1.910421764478087E-003;-1.735892728902400E-003;
2.460500000000000E+009;-2.828710339963436E-002;-1.804032325744629E-001;1.927706412971020E-003;-1.918834284879267E-003;
2.460666666666667E+009;-2.876236103475094E-002;-1.798797100782394E-001;1.960741588845849E-003;-2.023600973188877E-003;
2.460833333333334E+009;-2.925654128193855E-002;-1.796509176492691E-001;1.833865535445511E-003;-1.916688052006066E-003;
2.461000000000000E+009;-2.966544218361378E-002;-1.793406903743744E-001;1.810385379940271E-003;-2.056149067357183E-003;
2.461166666666667E+009;-2.995558641850948E-002;-1.788775473833084E-001;1.917259884066880E-003;-1.997489249333739E-003;
2.461333333333334E+009;-3.063805028796196E-002;-1.784004420042038E-001;1.822157762944698E-003;-2.020464511588216E-003;
2.461500000000000E+009;-3.073487058281899E-002;-1.778643578290939E-001;1.880903844721615E-003;-2.280720043927431E-003;
2.461666666666667E+009;-3.134856373071671E-002;-1.773157864809036E-001;1.974337035790086E-003;-2.271597972139716E-003;
2.461833333333334E+009;-3.173907101154327E-002;-1.768414229154587E-001;1.904981676489115E-003;-2.434131456539035E-003;
2.462000000000000E+009;-3.203628957271576E-002;-1.760365217924118E-001;1.849190331995487E-003;-2.479376038536429E-003;
2.462166666666667E+009;-3.266241773962975E-002;-1.756571680307388E-001;1.740641193464398E-003;-2.681548241525888E-003;
2.462333333333334E+009;-3.331846743822098E-002;-1.749190688133240E-001;1.746063237078488E-003;-2.758842427283526E-003;
2.462500000000000E+009;-3.389897942543030E-002;-1.741686165332794E-001;1.773249357938767E-003;-2.741926815360785E-003;
2.462666666666667E+009;-3.464861959218979E-002;-1.733137071132660E-001;1.538142329081893E-003;-2.782679395750165E-003;
2.462833333333334E+009;-3.559247404336929E-002;-1.724795252084732E-001;1.554990885779262E-003;-2.951465547084808E-003;
2.463000000000000E+009;-3.598036244511604E-002;-1.715753674507141E-001;1.517429482191801E-003;-2.962064463645220E-003;
2.463166666666667E+009;-3.714300692081451E-002;-1.709113568067551E-001;1.416281098499894E-003;-3.162726992741227E-003;
2.463333333333334E+009;-3.811238333582878E-002;-1.701398342847824E-001;1.398628461174667E-003;-3.216792829334736E-003;
2.463500000000000E+009;-3.931998461484909E-002;-1.691066920757294E-001;1.285443431697786E-003;-3.269163658842444E-003;
2.463666666666667E+009;-4.060052335262299E-002;-1.684739589691162E-001;1.269558910280466E-003;-3.330886596813798E-003;
2.463833333333334E+009;-4.178421944379807E-002;-1.675188690423966E-001;1.258242409676313E-003;-3.512925934046507E-003;
2.464000000000000E+009;-4.301170259714127E-002;-1.667547672986984E-001;1.013698987662792E-003;-3.606355050578713E-003;
2.464166666666667E+009;-4.436918348073959E-002;-1.658399701118469E-001;9.218703489750624E-004;-3.535304218530655E-003;
2.464333333333334E+009;-4.608349502086639E-002;-1.648799180984497E-001;8.742856443859637E-004;-3.743275068700314E-003;
2.464500000000000E+009;-4.752235859632492E-002;-1.642260253429413E-001;7.988400757312775E-004;-3.810733323916793E-003;
2.464666666666667E+009;-4.937441274523735E-002;-1.631157696247101E-001;6.048140930943191E-004;-3.979729954153299E-003;
2.464833333333334E+009;-5.078633874654770E-002;-1.625763922929764E-001;5.351342260837555E-004;-4.016308113932610E-003;
2.465000000000000E+009;-5.250911787152290E-002;-1.617917269468308E-001;3.551659174263477E-004;-4.100465215742588E-003;
2.465166666666667E+009;-5.435601249337196E-002;-1.610095053911209E-001;3.179810591973364E-004;-4.185623023658991E-003;
2.465333333333334E+009;-5.623083189129829E-002;-1.603447943925858E-001;1.225243904627860E-004;-4.119026940315962E-003;
2.465500000000000E+009;-5.785875022411346E-002;-1.598380357027054E-001;-1.318033318966627E-004;-4.207303747534752E-003;
2.465666666666667E+009;-5.990021675825119E-002;-1.592826694250107E-001;-3.745142603293061E-004;-4.265043884515762E-003;
2.465833333333334E+009;-6.170507147908211E-002;-1.587807089090347E-001;-4.556667699944228E-004;-4.161514341831207E-003;
2.466000000000000E+009;-6.333491206169128E-002;-1.585089266300201E-001;-7.062794174998999E-004;-4.322339314967394E-003;
2.466166666666667E+009;-6.524481624364853E-002;-1.581697463989258E-001;-8.271596161648631E-004;-4.277083091437817E-003;
2.466333333333334E+009;-6.718173623085022E-002;-1.579805016517639E-001;-1.004819292575121E-003;-4.393733106553555E-003;
2.466500000000000E+009;-6.887529790401459E-002;-1.577823907136917E-001;-1.196403638459742E-003;-4.334033466875553E-003;
2.466666666666667E+009;-7.055213302373886E-002;-1.577804535627365E-001;-1.320656156167388E-003;-4.261889029294252E-003;
2.466833333333334E+009;-7.236614078283310E-002;-1.577262431383133E-001;-1.452276716008782E-003;-4.251721780747175E-003;
2.467000000000000E+009;-7.395240664482117E-002;-1.577766835689545E-001;-1.610322622582316E-003;-4.142811987549067E-003;
2.467166666666667E+009;-7.569942623376846E-002;-1.578860282897949E-001;-1.674948027357459E-003;-4.154882393777371E-003;
2.467333333333334E+009;-7.737592607736588E-002;-1.582802981138229E-001;-1.802924787625670E-003;-4.116809461265802E-003;
2.467500000000000E+009;-7.864145189523697E-002;-1.584101468324661E-001;-2.104809507727623E-003;-4.144257865846157E-003;
2.467666666666667E+009;-7.995023578405380E-002;-1.588179618120194E-001;-2.380355726927519E-003;-3.947246354073286E-003;
2.467833333333334E+009;-8.140901476144791E-002;-1.591457724571228E-001;-2.420902485027909E-003;-4.024251829832792E-003;
2.468000000000000E+009;-8.261225372552872E-002;-1.597696095705032E-001;-2.623886801302433E-003;-3.840956836938858E-003;
2.468166666666667E+009;-8.379583805799484E-002;-1.601648181676865E-001;-2.720781369134784E-003;-3.790603484958410E-003;
2.468333333333334E+009;-8.504011482000351E-002;-1.606941670179367E-001;-2.968102460727096E-003;-3.722674446180463E-003;
2.468500000000000E+009;-8.592846244573593E-002;-1.609933376312256E-001;-3.260851139202714E-003;-3.610529005527496E-003;
2.468666666666667E+009;-8.684148639440537E-002;-1.613822430372238E-001;-3.395826788619161E-003;-3.513495903462172E-003;
2.468833333333334E+009;-8.779096603393555E-002;-1.619249731302261E-001;-3.492739051580429E-003;-3.197170095518231E-003;
2.469000000000000E+009;-8.832411468029022E-002;-1.623747497797012E-001;-3.574367845430970E-003;-3.128021024167538E-003;
2.469166666666667E+009;-8.906755596399307E-002;-1.630013734102249E-001;-3.855773014947772E-003;-3.087759483605623E-003;
2.469333333333334E+009;-8.949425071477890E-002;-1.631710827350617E-001;-3.915345296263695E-003;-2.820990746840835E-003;
2.469500000000000E+009;-8.997163921594620E-002;-1.634620279073715E-001;-4.033935721963644E-003;-2.660396741703153E-003;
2.469666666666667E+009;-9.049014747142792E-002;-1.638182550668716E-001;-4.267262760549784E-003;-2.394785406067967E-003;
2.469833333333334E+009;-9.072270989418030E-002;-1.641157716512680E-001;-4.285094328224659E-003;-2.263039350509644E-003;
2.470000000000000E+009;-9.078463912010193E-002;-1.644783914089203E-001;-4.463846329599619E-003;-2.059683436527848E-003;
2.470166666666667E+009;-9.112754464149475E-002;-1.645780205726624E-001;-4.330853000283241E-003;-1.920154783874750E-003;
2.470333333333334E+009;-9.092456847429276E-002;-1.646423637866974E-001;-4.438151139765978E-003;-1.876086345873773E-003;
2.470500000000000E+009;-9.123843163251877E-002;-1.645752340555191E-001;-4.300209693610668E-003;-1.683084643445909E-003;
2.470666666666667E+009;-9.111253172159195E-002;-1.647928804159164E-001;-4.417369607836008E-003;-1.420504879206419E-003;
2.470833333333334E+009;-9.104934334754944E-002;-1.646063923835754E-001;-4.448591265827417E-003;-1.159952487796545E-003;
2.471000000000000E+009;-9.106237441301346E-002;-1.642278879880905E-001;-4.290348850190640E-003;-9.788675233721733E-004;
2.471166666666667E+009;-9.095957130193710E-002;-1.637655198574066E-001;-4.550515208393335E-003;-9.422927396371961E-004;
2.471333333333334E+009;-9.108541905879974E-002;-1.633528470993042E-001;-4.382990300655365E-003;-7.388490485027432E-004;
2.471500000000000E+009;-9.102483093738556E-002;-1.627876013517380E-001;-4.429608117789030E-003;-5.421824171207845E-004;
2.471666666666667E+009;-9.086918830871582E-002;-1.621926873922348E-001;-4.359698388725519E-003;-5.085216253064573E-004;
2.471833333333334E+009;-9.091553837060928E-002;-1.613304018974304E-001;-4.412423819303513E-003;-2.727427345234901E-004;
2.472000000000000E+009;-9.087700396776199E-002;-1.602913439273834E-001;-4.195795860141516E-003;-1.108338547055610E-004;
2.472166666666667E+009;-9.083474427461624E-002;-1.592964380979538E-001;-4.313181154429913E-003;-2.155679976567626E-004;
2.472333333333334E+009;-9.101621061563492E-002;-1.583448052406311E-001;-4.245002754032612E-003;5.090039394417545E-006;
2.472500000000000E+009;-9.099163860082626E-002;-1.568777263164520E-001;-4.144191741943359E-003;1.001009950414300E-004;
2.472666666666667E+009;-9.110069274902344E-002;-1.556627154350281E-001;-4.200761672109366E-003;2.263360802317038E-004;
2.472833333333334E+009;-9.141156077384949E-002;-1.541894078254700E-001;-4.248101264238358E-003;3.650241997092962E-004;
2.473000000000000E+009;-9.135375171899796E-002;-1.526484191417694E-001;-3.960684407502413E-003;4.903008812107146E-004;
2.473166666666667E+009;-9.215447306632996E-002;-1.509724855422974E-001;-4.042093176394701E-003;4.783947952091694E-004;
2.473333333333334E+009;-9.242095798254013E-002;-1.494212448596954E-001;-3.968629986047745E-003;6.153538124635816E-004;
2.473500000000000E+009;-9.291188418865204E-002;-1.476771235466003E-001;-4.003976937383413E-003;7.342933095060289E-004;
2.473666666666667E+009;-9.362118691205978E-002;-1.458181887865067E-001;-4.050924908369780E-003;8.060884429141879E-004;
2.473833333333334E+009;-9.424684941768646E-002;-1.440650075674057E-001;-4.067684989422560E-003;9.085229248739779E-004;
2.474000000000000E+009;-9.510742127895355E-002;-1.421271264553070E-001;-4.050372168421745E-003;9.690501610748470E-004;
2.474166666666667E+009;-9.585127979516983E-002;-1.400520503520966E-001;-4.031917080283165E-003;1.123169902712107E-003;
2.474333333333334E+009;-9.677714109420776E-002;-1.381337195634842E-001;-4.086896777153015E-003;1.197307603433728E-003;
2.474500000000000E+009;-9.790737181901932E-002;-1.362340450286865E-001;-4.034802783280611E-003;1.362120383419097E-003;
2.474666666666667E+009;-9.891618788242340E-002;-1.341674327850342E-001;-4.035689402371645E-003;1.440466730855405E-003;
2.474833333333334E+009;-1.001419946551323E-001;-1.324752718210220E-001;-4.003865178674460E-003;1.638185582123697E-003;
2.475000000000000E+009;-1.013003513216972E-001;-1.304028034210205E-001;-3.972938284277916E-003;1.745754969306290E-003;
2.475166666666667E+009;-1.027733758091927E-001;-1.286039948463440E-001;-3.804486477747560E-003;1.837227609939873E-003;
2.475333333333334E+009;-1.039387732744217E-001;-1.269004493951798E-001;-3.914407454431057E-003;1.939326175488532E-003;
2.475500000000000E+009;-1.055351719260216E-001;-1.249896883964539E-001;-3.800550708547235E-003;2.041858620941639E-003;
2.475666666666667E+009;-1.070490702986717E-001;-1.235860511660576E-001;-3.733852645382285E-003;2.257530810311437E-003;
2.475833333333334E+009;-1.087032333016396E-001;-1.220131441950798E-001;-3.561921417713165E-003;2.297336235642433E-003;
2.476000000000000E+009;-1.101401895284653E-001;-1.203481927514076E-001;-3.619347466155887E-003;2.463626675307751E-003;
2.476166666666667E+009;-1.120751425623894E-001;-1.191799044609070E-001;-3.556654090061784E-003;2.464040415361524E-003;
2.476333333333334E+009;-1.136687919497490E-001;-1.178866103291512E-001;-3.481275634840131E-003;2.492802217602730E-003;
2.476500000000000E+009;-1.156781688332558E-001;-1.166927665472031E-001;-3.428536467254162E-003;2.724392805248499E-003;
2.476666666666667E+009;-1.174583062529564E-001;-1.157573387026787E-001;-3.441666485741735E-003;2.774432301521301E-003;
2.476833333333334E+009;-1.193015202879906E-001;-1.146589890122414E-001;-3.315774491056800E-003;3.050261177122593E-003;
2.477000000000000E+009;-1.214571148157120E-001;-1.138243079185486E-001;-3.287798026576638E-003;3.070072503760457E-003;
2.477166666666667E+009;-1.232155039906502E-001;-1.132092699408531E-001;-3.331209300085902E-003;3.178524319082499E-003;
2.477333333333334E+009;-1.250466257333756E-001;-1.124895140528679E-001;-3.187634516507387E-003;3.385158255696297E-003;
2.477500000000000E+009;-1.270299404859543E-001;-1.119487062096596E-001;-3.135144477710128E-003;3.510268637910485E-003;
2.477666666666667E+009;-1.290244460105896E-001;-1.115142926573753E-001;-3.073200350627303E-003;3.585685510188341E-003;
2.477833333333334E+009;-1.307155787944794E-001;-1.110277399420738E-001;-2.941791201010346E-003;3.731595352292061E-003;
2.478000000000000E+009;-1.324780732393265E-001;-1.109010577201843E-001;-2.777511952444911E-003;3.821777412667871E-003;
2.478166666666667E+009;-1.342792510986328E-001;-1.105758547782898E-001;-2.540980698540807E-003;3.969348501414061E-003;
2.478333333333334E+009;-1.357823163270950E-001;-1.104181632399559E-001;-2.481597010046244E-003;4.165248945355415E-003;
2.478500000000000E+009;-1.373443007469177E-001;-1.102379038929939E-001;-2.182882511988282E-003;4.341374151408672E-003;
2.478666666666667E+009;-1.387369334697723E-001;-1.102338507771492E-001;-2.049359027296305E-003;4.534777719527483E-003;
2.478833333333334E+009;-1.401210427284241E-001;-1.099681407213211E-001;-2.037652535364032E-003;4.541634116321802E-003;
2.479000000000000E+009;-1.414502859115601E-001;-1.101487651467323E-001;-1.775602111592889E-003;4.548029974102974E-003;
2.479166666666667E+009;-1.424049735069275E-001;-1.100212857127190E-001;-1.584287732839584E-003;4.563208203762770E-003;
2.479333333333334E+009;-1.435362994670868E-001;-1.100153103470802E-001;-1.353933708742261E-003;4.562717396765947E-003;
2.479500000000000E+009;-1.443826854228973E-001;-1.102142408490181E-001;-1.242992235347629E-003;4.581655375659466E-003;
2.479666666666667E+009;-1.453085690736771E-001;-1.101842001080513E-001;-1.021105912514031E-003;4.587898030877113E-003;
2.479833333333334E+009;-1.458363980054855E-001;-1.101266667246819E-001;-8.825052645988762E-004;4.645243752747774E-003;
2.480000000000000E+009;-1.464182287454605E-001;-1.103565692901611E-001;-6.839851848781109E-004;4.566003102809191E-003;
2.480166666666667E+009;-1.468168050050736E-001;-1.102367192506790E-001;-4.823859489988536E-004;4.587896168231964E-003;
2.480333333333334E+009;-1.472346186637878E-001;-1.103625595569611E-001;-5.737167084589601E-004;4.474787972867489E-003;
2.480500000000000E+009;-1.473696678876877E-001;-1.101682484149933E-001;-3.060818125959486E-004;4.656676203012466E-003;
2.480666666666667E+009;-1.473393589258194E-001;-1.100837364792824E-001;-2.425392012810335E-004;4.660985432565212E-003;
2.480833333333334E+009;-1.473188698291779E-001;-1.098153293132782E-001;4.172544504399411E-005;4.533815663307905E-003;
2.481000000000000E+009;-1.473334133625031E-001;-1.093804314732552E-001;3.195039171259850E-004;4.445001017302275E-003;
2.481166666666667E+009;-1.472458690404892E-001;-1.091728881001473E-001;3.540352336131036E-004;4.473869688808918E-003;
2.481333333333334E+009;-1.469426304101944E-001;-1.086402982473373E-001;4.880003980360925E-004;4.385370295494795E-003;
2.481500000000000E+009;-1.464827507734299E-001;-1.082067266106606E-001;6.261211819946766E-004;4.403474275022745E-003;
2.481666666666667E+009;-1.461303085088730E-001;-1.077037453651428E-001;6.616683676838875E-004;4.425769671797752E-003;
2.481833333333334E+009;-1.456720232963562E-001;-1.070232018828392E-001;8.368387934751809E-004;4.429887980222702E-003;
2.482000000000000E+009;-1.453104466199875E-001;-1.061645075678825E-001;8.549821213819087E-004;4.349496215581894E-003;
2.482166666666667E+009;-1.449524015188217E-001;-1.053292602300644E-001;1.162139582447708E-003;4.249680787324905E-003;
2.482333333333334E+009;-1.441769599914551E-001;-1.044683977961540E-001;1.312400563620031E-003;4.123715683817864E-003;
2.482500000000000E+009;-1.437563002109528E-001;-1.033067554235458E-001;1.258599455468357E-003;4.304814152419567E-003;
2.482666666666667E+009;-1.431240439414978E-001;-1.022842749953270E-001;1.523408922366798E-003;4.018852021545172E-003;
2.482833333333334E+009;-1.426396220922470E-001;-1.009081155061722E-001;1.754324068315327E-003;4.099409561604261E-003;
2.483000000000000E+009;-1.423348635435104E-001;-9.960625320672989E-002;1.731250435113907E-003;4.104499705135822E-003;
2.483166666666667E+009;-1.417098939418793E-001;-9.820429980754852E-002;1.800510217435658E-003;3.887654049322009E-003;
2.483333333333334E+009;-1.414418667554855E-001;-9.654296189546585E-002;1.977987354621291E-003;3.743150038644671E-003;
2.483500000000000E+009;-1.410213559865952E-001;-9.504786133766174E-002;2.077839802950621E-003;3.569903550669551E-003;
2.483666666666667E+009;-1.405322104692459E-001;-9.323434531688690E-002;2.215277170762420E-003;3.566426225006580E-003;
2.483833333333334E+009;-1.403223872184753E-001;-9.152081608772278E-002;2.209122525528073E-003;3.538952674716711E-003;
2.484000000000000E+009;-1.398622989654541E-001;-8.970138430595398E-002;2.240090165287256E-003;3.500794759020209E-003;
2.484166666666667E+009;-1.397512853145599E-001;-8.764193207025528E-002;2.371141221374273E-003;3.429818665608764E-003;
2.484333333333334E+009;-1.395617276430130E-001;-8.590104430913925E-002;2.266580937430263E-003;3.288441570475698E-003;
2.484500000000000E+009;-1.394507586956024E-001;-8.376456797122955E-002;2.216145629063249E-003;3.293487243354321E-003;
2.484666666666667E+009;-1.394445896148682E-001;-8.180654048919678E-002;2.464939840137959E-003;3.203145461156964E-003;
2.484833333333334E+009;-1.395750492811203E-001;-7.980589568614960E-002;2.436483046039939E-003;3.173264442011714E-003;
2.485000000000000E+009;-1.395291984081268E-001;-7.782094925642014E-002;2.572393743321300E-003;3.158679930493236E-003;
2.485166666666667E+009;-1.398268938064575E-001;-7.576014846563339E-002;2.468564081937075E-003;3.129755379632115E-003;
2.485333333333334E+009;-1.401736736297607E-001;-7.379660010337830E-002;2.565232571214438E-003;3.131673438474536E-003;
2.485500000000000E+009;-1.407102346420288E-001;-7.161395251750946E-002;2.769032958894968E-003;3.022825112566352E-003;
2.485666666666667E+009;-1.410277038812637E-001;-6.982308626174927E-002;2.952992683276534E-003;2.974029863253236E-003;
2.485833333333334E+009;-1.417405307292938E-001;-6.806423515081406E-002;2.906804904341698E-003;3.029587678611279E-003;
2.486000000000000E+009;-1.424607634544373E-001;-6.606554239988327E-002;3.027529688552022E-003;3.004703437909484E-003;
2.486166666666667E+009;-1.432133167982101E-001;-6.411223858594894E-002;3.110160352662206E-003;2.966325497254729E-003;
2.486333333333334E+009;-1.441995203495026E-001;-6.233141198754311E-002;3.395756008103490E-003;2.964224899187684E-003;
2.486500000000000E+009;-1.452488154172897E-001;-6.051836907863617E-002;3.506313310936093E-003;2.769636921584606E-003;
2.486666666666667E+009;-1.461228877305985E-001;-5.889064818620682E-002;3.599512856453657E-003;2.855513012036681E-003;
2.486833333333334E+009;-1.473407447338104E-001;-5.714555457234383E-002;3.764288732782006E-003;2.692942740395665E-003;
2.487000000000000E+009;-1.485143750905991E-001;-5.564500764012337E-002;3.897745162248612E-003;2.684651874005795E-003;
2.487166666666667E+009;-1.496242731809616E-001;-5.406763032078743E-002;3.932980354875326E-003;2.644243882969022E-003;
2.487333333333334E+009;-1.509377062320709E-001;-5.253152176737785E-002;4.051695577800274E-003;2.409998094663024E-003;
2.487500000000000E+009;-1.519918441772461E-001;-5.094755068421364E-002;4.294284153729677E-003;2.323091030120850E-003;
2.487666666666667E+009;-1.534142494201660E-001;-4.952197894454002E-002;4.327323753386736E-003;2.188358455896378E-003;
2.487833333333334E+009;-1.545779109001160E-001;-4.829287528991699E-002;4.408977925777435E-003;2.215625019744039E-003;
2.488000000000000E+009;-1.557664722204208E-001;-4.704928025603294E-002;4.663709085434675E-003;1.939557259902358E-003;
2.488166666666667E+009;-1.568944305181503E-001;-4.566800221800804E-002;4.667698405683041E-003;1.866016304120421E-003;
2.488333333333334E+009;-1.579349339008331E-001;-4.464622586965561E-002;4.848310258239508E-003;1.627689809538424E-003;
2.488500000000000E+009;-1.590424627065659E-001;-4.352723062038422E-002;4.749153275042772E-003;1.524185645394027E-003;
2.488666666666667E+009;-1.600764393806458E-001;-4.262062162160873E-002;5.093691870570183E-003;1.310642226599157E-003;
2.488833333333334E+009;-1.610491424798966E-001;-4.165321961045265E-002;5.175415892153978E-003;1.254556700587273E-003;
2.489000000000000E+009;-1.619108617305756E-001;-4.078667610883713E-002;5.254311487078667E-003;9.617693722248077E-004;
2.489166666666667E+009;-1.627414673566818E-001;-3.993747010827065E-002;5.313272122293711E-003;6.635507452301681E-004;
2.489333333333334E+009;-1.635111570358276E-001;-3.934093564748764E-002;5.373412743210793E-003;4.264457675162703E-004;
2.489500000000000E+009;-1.643264293670654E-001;-3.852855414152145E-002;5.312418565154076E-003;1.762220636010170E-004;
2.489666666666667E+009;-1.646852046251297E-001;-3.800977393984795E-002;5.404757801443338E-003;1.812732516555116E-004;
2.489833333333334E+009;-1.655044853687286E-001;-3.731732815504074E-002;5.310666281729937E-003;-9.824034350458533E-006;
2.490000000000000E+009;-1.660138368606567E-001;-3.684490919113159E-002;5.376175045967102E-003;-2.400550147285685E-004;
2.490166666666667E+009;-1.662886291742325E-001;-3.625331446528435E-002;5.387961398810148E-003;-3.141183115076274E-004;
2.490333333333334E+009;-1.667502671480179E-001;-3.592855483293533E-002;5.306751467287540E-003;-6.117975572124124E-004;
2.490500000000000E+009;-1.668626517057419E-001;-3.499139845371246E-002;5.321180447936058E-003;-7.615112117491663E-004;
2.490666666666667E+009;-1.674327254295349E-001;-3.440643846988678E-002;5.252934992313385E-003;-9.484594338573515E-004;
2.490833333333334E+009;-1.673698872327805E-001;-3.371513634920120E-002;5.143108777701855E-003;-1.167930895462632E-003;
2.491000000000000E+009;-1.674909740686417E-001;-3.304705023765564E-002;5.138931795954704E-003;-1.353850588202477E-003;
2.491166666666667E+009;-1.674269437789917E-001;-3.227655962109566E-002;5.203139968216419E-003;-1.429421128705144E-003;
2.491333333333334E+009;-1.675034463405609E-001;-3.137733414769173E-002;5.093170795589685E-003;-1.656146487221122E-003;
2.491500000000000E+009;-1.673061996698380E-001;-3.056496009230614E-002;5.087095778435469E-003;-2.016532467678189E-003;
2.491666666666667E+009;-1.672887802124023E-001;-2.972684055566788E-002;5.077075213193893E-003;-2.157652284950018E-003;
2.491833333333334E+009;-1.670625656843185E-001;-2.856342680752277E-002;4.954863339662552E-003;-2.363456180319190E-003;
2.492000000000000E+009;-1.667889356613159E-001;-2.784565649926662E-002;4.948983434587717E-003;-2.420901553705335E-003;
2.492166666666667E+009;-1.665876209735870E-001;-2.641386725008488E-002;4.751780536025763E-003;-2.659801393747330E-003;
2.492333333333334E+009;-1.663681417703629E-001;-2.541059441864491E-002;4.865362774580717E-003;-2.821247093379498E-003;
2.492500000000000E+009;-1.659230142831802E-001;-2.398592419922352E-002;4.532318562269211E-003;-3.117938991636038E-003;
2.492666666666667E+009;-1.656053662300110E-001;-2.237144485116005E-002;4.531557671725750E-003;-3.157136030495167E-003;
2.492833333333334E+009;-1.649347394704819E-001;-2.096728608012199E-002;4.273174330592156E-003;-3.390711499378085E-003;
2.493000000000000E+009;-1.646879613399506E-001;-1.958056911826134E-002;4.140653647482395E-003;-3.588053863495588E-003;
2.493166666666667E+009;-1.641930341720581E-001;-1.799060031771660E-002;3.924149554222822E-003;-3.742638276889920E-003;
2.493333333333334E+009;-1.637146621942520E-001;-1.658120192587376E-002;3.749428549781442E-003;-3.695035353302956E-003;
2.493500000000000E+009;-1.630700528621674E-001;-1.452950760722160E-002;3.705791663378477E-003;-4.108699969947338E-003;
2.493666666666667E+009;-1.629290282726288E-001;-1.274225860834122E-002;3.593785455450416E-003;-4.051137715578079E-003;
2.493833333333334E+009;-1.624318659305573E-001;-1.091757137328386E-002;3.232107730582357E-003;-4.157356452196837E-003;
2.494000000000000E+009;-1.621820628643036E-001;-9.109326638281345E-003;3.295063041150570E-003;-4.239757079631090E-003;
2.494166666666667E+009;-1.616530865430832E-001;-7.070086896419525E-003;3.044577548280358E-003;-4.326942842453718E-003;
2.494333333333334E+009;-1.613075882196426E-001;-5.274575669318438E-003;2.882284810766578E-003;-4.505021963268518E-003;
2.494500000000000E+009;-1.612826436758041E-001;-3.096281085163355E-003;2.749669598415494E-003;-4.514276981353760E-003;
2.494666666666667E+009;-1.608453392982483E-001;-9.761138353496790E-004;2.572693862020969E-003;-4.565280862152576E-003;
2.494833333333334E+009;-1.606689542531967E-001;1.010240055620670E-003;2.420695032924414E-003;-4.753400571644306E-003;
2.495000000000000E+009;-1.607094854116440E-001;3.050079103559256E-003;2.401860896497965E-003;-4.781068768352270E-003;
2.495166666666667E+009;-1.604001820087433E-001;5.275518167763948E-003;2.065981738269329E-003;-4.983654245734215E-003;
2.495333333333334E+009;-1.605922728776932E-001;7.270814385265112E-003;1.930513884872198E-003;-5.061440635472536E-003;
2.495500000000000E+009;-1.604742705821991E-001;9.464044123888016E-003;1.844576327130199E-003;-5.058511625975370E-003;
2.495666666666667E+009;-1.606610566377640E-001;1.136647444218397E-002;1.509159221313894E-003;-5.149824544787407E-003;
2.495833333333334E+009;-1.606330126523972E-001;1.340330950915813E-002;1.142642460763454E-003;-5.234111566096544E-003;
2.496000000000000E+009;-1.607219725847244E-001;1.540055777877569E-002;1.179422717541456E-003;-5.094695836305618E-003;
2.496166666666667E+009;-1.609431505203247E-001;1.730748638510704E-002;8.623016765341163E-004;-5.044777411967516E-003;
2.496333333333334E+009;-1.613993644714356E-001;1.930265687406063E-002;6.035188562236726E-004;-5.097513087093830E-003;
2.496500000000000E+009;-1.616324782371521E-001;2.128125727176666E-002;4.756150010507554E-004;-5.210500210523605E-003;
2.496666666666667E+009;-1.620904207229614E-001;2.317338436841965E-002;3.426658513490111E-004;-5.164367146790028E-003;
2.496833333333334E+009;-1.621495783329010E-001;2.482686750590801E-002;-3.354231375851668E-005;-5.121172405779362E-003;
2.497000000000000E+009;-1.626458317041397E-001;2.645152248442173E-002;-2.087402681354433E-004;-5.122030153870583E-003;
2.497166666666667E+009;-1.629901677370071E-001;2.806195989251137E-002;-1.898025511763990E-004;-4.962059203535318E-003;
2.497333333333334E+009;-1.634664237499237E-001;2.961213886737824E-002;-3.917229478247464E-004;-4.910993389785290E-003;
2.497500000000000E+009;-1.638789325952530E-001;3.108800575137138E-002;-6.930294330231845E-004;-4.818418528884649E-003;
2.497666666666667E+009;-1.641614139080048E-001;3.272241726517677E-002;-7.405989454127848E-004;-4.729256033897400E-003;
2.497833333333334E+009;-1.646072864532471E-001;3.418605774641037E-002;-8.759285556152463E-004;-4.559004679322243E-003;
2.498000000000000E+009;-1.649105697870255E-001;3.551724180579186E-002;-8.824768592603505E-004;-4.459793213754892E-003;
2.498166666666667E+009;-1.652936190366745E-001;3.677226603031158E-002;-1.080077607184649E-003;-4.669496789574623E-003;
2.498333333333334E+009;-1.655001789331436E-001;3.780329227447510E-002;-1.268947613425553E-003;-4.352249205112457E-003;
2.498500000000000E+009;-1.658273935317993E-001;3.907841816544533E-002;-1.314915367402136E-003;-4.363759886473417E-003;
2.498666666666667E+009;-1.659288555383682E-001;4.020572453737259E-002;-1.452362397685647E-003;-4.283944144845009E-003;
2.498833333333334E+009;-1.661996394395828E-001;4.109201580286026E-002;-1.647155615501106E-003;-4.238387569785118E-003;
2.499000000000000E+009;-1.661362200975418E-001;4.218918085098267E-002;-1.672561396844685E-003;-3.989768214523792E-003;
2.499166666666667E+009;-1.662080585956574E-001;4.305695742368698E-002;-1.588576822541654E-003;-4.040501080453396E-003;
2.499333333333334E+009;-1.659784018993378E-001;4.403123632073402E-002;-1.755003118887544E-003;-3.793376497924328E-003;
2.499500000000000E+009;-1.658781021833420E-001;4.471110180020332E-002;-1.765893422998488E-003;-3.718610387295485E-003;
2.499666666666667E+009;-1.659385710954666E-001;4.550721496343613E-002;-1.798508688807488E-003;-3.682332113385201E-003;
2.499833333333334E+009;-1.660366803407669E-001;4.656815901398659E-002;-1.914570573717356E-003;-3.657222958281636E-003;
2.500000000000000E+009;-1.654455214738846E-001;4.718787968158722E-002;-1.898064278066158E-003;-3.728704759851098E-003;
